138
19 11 19 12 18 12 18 11
11 13 11 12 12 12 12 13
11 14 10 13 11 12 12 13
10 14 10 13 11 13 11 14
11 15 11 14 12 14 12 15
17 12 18 11 19 12 18 13
17 13 17 12 18 12 18 13
21 12 22 13 21 14 20 13
13 15 12 16 11 15 12 14
13 16 12 16 12 15 13 15
13 13 12 14 11 13 12 12
13 14 12 14 12 13 13 13
14 15 13 16 12 15 13 14
14 14 14 15 13 15 13 14
14 13 15 13 15 14 14 14
14 16 14 15 15 15 15 16
14 12 15 13 14 14 13 13
13 12 14 12 14 13 13 13
13 11 13 12 12 12 12 11
14 11 15 11 15 12 14 12
14 10 15 11 14 12 13 11
13 10 14 10 14 11 13 11
16 13 15 14 14 13 15 12
16 12 16 13 15 13 15 12
16 14 15 13 16 12 17 13
17 14 16 14 16 13 17 13
17 15 17 14 18 14 18 15
16 15 15 15 15 14 16 14
16 16 15 15 16 14 17 15
17 16 16 16 16 15 17 15
17 17 17 16 18 16 18 17
16 17 15 17 15 16 16 16
19 16 18 17 17 16 18 15
19 15 19 16 18 16 18 15
16 18 15 17 16 16 17 17
17 18 16 18 16 17 17 17
17 19 17 18 18 18 18 19
16 19 15 19 15 18 16 18
16 20 15 19 16 18 17 19
17 20 16 20 16 19 17 19
19 18 18 19 17 18 18 17
19 17 19 18 18 18 18 17
20 16 19 17 18 16 19 15
20 17 19 17 19 16 20 16
14 17 15 16 16 17 15 18
13 17 13 16 14 16 14 17
13 18 12 18 12 17 13 17
14 18 14 17 15 17 15 18
11 17 12 16 13 17 12 18
11 16 12 16 12 17 11 17
10 15 11 14 12 15 11 16
9 15 9 14 10 14 10 15
9 16 8 16 8 15 9 15
10 16 10 15 11 15 11 16
19 14 18 15 17 14 18 13
19 13 19 14 18 14 18 13
20 12 20 13 19 13 19 12
9 17 8 16 9 15 10 16
10 17 9 17 9 16 10 16
9 18 8 18 8 17 9 17
11 18 10 17 11 16 12 17
10 18 10 17 11 17 11 18
10 19 9 20 8 19 9 18
9 19 9 18 10 18 10 19
8 20 8 19 9 19 9 20
7 19 8 18 9 19 8 20
7 18 8 18 8 19 7 19
7 16 8 15 9 16 8 17
7 17 7 16 8 16 8 17
20 14 19 15 18 14 19 13
21 13 21 14 20 14 20 13
22 12 22 13 21 13 21 12
20 15 19 15 19 14 20 14
21 16 20 15 21 14 22 15
21 15 21 16 20 16 20 15
22 14 22 15 21 15 21 14
21 17 21 16 22 16 22 17
21 18 20 17 21 16 22 17
20 18 20 17 21 17 21 18
21 19 21 18 22 18 22 19
23 15 22 16 21 15 22 14
23 16 22 16 22 15 23 15
23 13 22 14 21 13 22 12
23 14 22 14 22 13 23 13
23 17 22 18 21 17 22 16
23 18 22 18 22 17 23 17
20 19 21 18 22 19 21 20
19 19 19 18 20 18 20 19
20 20 20 19 21 19 21 20
24 15 23 16 22 15 23 14
24 14 24 15 23 15 23 14
24 13 23 14 22 13 23 12
24 12 24 13 23 13 23 12
24 17 23 18 22 17 23 16
24 16 24 17 23 17 23 16
25 13 24 14 23 13 24 12
25 14 24 14 24 13 25 13
25 15 24 16 23 15 24 14
25 16 24 16 24 15 25 15
26 15 25 16 24 15 25 14
26 14 26 15 25 15 25 14
18 20 17 19 18 18 19 19
19 20 18 20 18 19 19 19
19 21 19 20 20 20 20 21
18 21 17 20 18 19 19 20
17 21 17 20 18 20 18 21
18 22 18 21 19 21 19 22
17 22 18 21 19 22 18 23
17 23 17 22 18 22 18 23
16 23 17 23 17 24 16 24
16 25 15 24 16 23 17 24
15 25 15 24 16 24 16 25
16 22 17 21 18 22 17 23
16 21 17 21 17 22 16 22
15 22 16 21 17 22 16 23
15 23 15 22 16 22 16 23
14 23 15 23 15 24 14 24
15 20 16 19 17 20 16 21
15 21 15 20 16 20 16 21
14 25 13 24 14 23 15 24
13 25 13 24 14 24 14 25
14 26 13 25 14 24 15 25
15 26 14 26 14 25 15 25
14 22 15 21 16 22 15 23
14 21 15 21 15 22 14 22
13 22 14 21 15 22 14 23
13 23 13 22 14 22 14 23
12 24 12 23 13 23 13 24
12 21 13 22 12 23 11 22
13 21 13 18 14 18 14 21
12 22 12 21 13 21 13 22
11 23 11 22 12 22 12 23
10 20 10 19 15 19 15 20
9 21 9 20 10 20 10 21
11 19 10 20 9 19 10 18
12 19 13 18 15 20 14 21
11 20 10 19 11 18 12 19
12 20 14 18 15 19 13 21
