186
21 25 22 25 22 26 21 26
16 24 17 24 17 25 16 25
22 21 22 22 21 22 21 21
23 20 24 21 23 22 22 21
22 20 23 20 23 21 22 21
20 23 20 22 21 22 21 23
14 21 14 22 13 22 13 21
23 23 22 22 23 21 24 22
22 23 22 22 23 22 23 23
21 24 20 23 21 22 22 23
22 24 21 24 21 23 22 23
24 24 23 25 22 24 23 23
20 24 21 23 22 24 21 25
19 23 20 23 20 24 19 24
18 24 19 23 20 24 19 25
17 23 18 24 17 25 16 24
18 23 18 24 17 24 17 23
19 22 20 23 19 24 18 23
18 22 19 22 19 23 18 23
17 21 18 22 17 23 16 22
19 21 20 22 19 23 18 22
20 21 20 22 19 22 19 21
21 20 22 21 21 22 20 21
20 20 21 20 21 21 20 21
18 20 19 19 20 20 19 21
21 19 22 20 21 21 20 20
21 17 22 18 21 19 20 18
21 16 21 17 20 17 20 16
21 14 22 15 21 16 20 15
22 14 21 14 21 13 22 13
21 12 22 13 21 14 20 13
20 12 21 12 21 13 20 13
22 19 22 20 21 20 21 19
18 25 18 24 19 24 19 25
17 26 16 25 17 24 18 25
18 26 17 26 17 25 18 25
20 25 20 24 21 24 21 25
19 26 18 25 19 24 20 25
20 26 19 26 19 25 20 25
21 27 20 26 21 25 22 26
20 27 20 26 21 26 21 27
19 27 18 26 19 25 20 26
18 27 18 26 19 26 19 27
19 28 18 27 19 26 20 27
20 28 19 28 19 27 20 27
23 24 23 25 22 25 22 24
24 23 24 24 23 24 23 23
25 24 24 23 25 22 26 23
25 23 24 23 24 22 25 22
26 24 25 24 25 23 26 23
25 25 24 24 25 23 26 24
24 25 24 24 25 24 25 25
23 26 22 25 23 24 24 25
24 26 23 26 23 25 24 25
23 27 22 26 23 25 24 26
22 27 22 26 23 26 23 27
21 28 20 27 21 26 22 27
22 28 21 28 21 27 22 27
21 29 20 28 21 27 22 28
20 29 20 28 21 28 21 29
17 13 18 14 17 15 16 14
17 14 17 15 16 15 16 14
18 13 18 14 17 14 17 13
15 16 14 15 15 14 16 15
15 18 14 17 15 16 16 17
15 15 14 15 14 14 15 14
15 13 16 14 15 15 14 14
16 13 16 14 15 14 15 13
15 12 16 13 15 14 14 13
14 12 15 12 15 13 14 13
17 12 18 13 17 14 16 13
16 12 17 12 17 13 16 13
18 12 17 13 16 12 17 11
18 11 18 12 17 12 17 11
15 11 16 12 15 13 14 12
16 11 16 12 15 12 15 11
17 10 18 11 17 12 16 11
16 10 17 10 17 11 16 11
17 9 18 10 17 11 16 10
18 9 18 10 17 10 17 9
19 10 18 9 19 8 20 9
19 11 18 11 18 10 19 10
19 13 18 12 19 11 20 12
19 12 19 13 18 13 18 12
20 11 20 12 19 12 19 11
22 11 21 12 20 11 21 10
19 14 18 13 19 12 20 13
20 14 19 14 19 13 20 13
21 15 20 14 21 13 22 14
22 16 21 17 20 16 21 15
19 15 18 14 19 13 20 14
18 15 18 14 19 14 19 15
19 16 18 15 19 14 20 15
17 16 16 15 17 14 18 15
18 16 17 16 17 15 18 15
19 17 18 16 19 15 20 16
18 17 18 16 19 16 19 17
19 18 18 17 19 16 20 17
17 18 16 17 17 16 18 17
18 18 19 17 20 18 19 19
17 17 18 17 18 18 17 18
16 16 17 15 18 16 17 17
18 19 18 18 19 18 19 19
15 17 15 16 16 16 16 17
14 16 15 15 16 16 15 17
14 18 14 17 15 17 15 18
25 9 25 8 26 8 26 9
14 23 13 22 14 21 15 22
15 23 14 23 14 22 15 22
15 21 16 22 15 23 14 22
16 21 16 22 15 22 15 21
16 23 16 24 15 24 15 23
17 22 17 23 16 23 16 22
18 21 18 22 17 22 17 21
19 20 19 21 18 21 18 20
20 19 20 20 19 20 19 19
21 18 21 19 20 19 20 18
22 17 22 18 21 18 21 17
17 20 18 21 17 22 16 21
16 19 17 18 18 19 17 20
15 20 14 19 15 18 16 19
14 20 15 20 15 21 14 21
13 19 14 20 13 21 12 20
13 20 13 19 14 19 14 20
12 21 12 20 13 20 13 21
16 20 17 20 17 21 16 21
15 19 16 19 16 20 15 20
16 18 15 19 14 18 15 17
17 19 16 18 17 17 18 18
14 24 15 23 16 24 15 25
14 25 14 24 15 24 15 25
15 26 14 25 15 24 16 25
16 26 15 26 15 25 16 25
17 27 16 26 17 25 18 26
16 27 16 26 17 26 17 27
17 28 16 27 17 26 18 27
18 28 17 28 17 27 18 27
19 29 18 28 19 27 20 28
18 29 18 28 19 28 19 29
19 30 18 29 19 28 20 29
20 30 19 30 19 29 20 29
23 18 22 19 21 18 22 17
23 19 22 19 22 18 23 18
23 17 24 18 23 19 22 18
23 16 23 17 22 17 22 16
24 17 24 18 23 18 23 17
24 20 23 21 22 20 23 19
24 19 24 20 23 20 23 19
25 18 24 19 23 18 24 17
25 19 24 19 24 18 25 18
6 16 10 12 14 16 10 20
26 22 25 22 25 19 26 19
25 21 26 22 25 23 24 22
26 20 25 21 24 20 25 19
12 17 12 16 14 16 14 17
11 20 11 17 12 17 12 20
11 21 10 21 10 20 11 20
11 22 10 21 11 20 12 21
12 22 11 22 11 21 12 21
13 23 12 22 13 21 14 22
12 23 12 22 13 22 13 23
13 24 13 23 14 23 14 24
6 26 6 16 9 16 9 26
9 15 12 15 12 16 9 16
11 12 14 15 12 17 9 14
22 9 22 11 20 11 20 9
21 8 22 9 21 10 20 9
26 15 22 15 22 14 26 14
23 12 22 11 25 8 26 9
22 12 22 11 23 11 23 12
21 11 22 12 21 13 20 12
11 18 12 17 14 19 13 20
25 16 22 13 23 12 26 15
25 12 25 16 23 16 23 12
10 14 12 16 11 17 9 15
26 13 23 16 22 15 25 12
27 20 25 22 24 21 26 19
8 11 10 9 14 13 12 15
9 18 12 15 14 17 11 20
11 9 11 12 10 12 10 9
10 13 14 13 14 14 10 14
25 13 26 14 23 17 22 16
27 11 25 13 23 11 25 9
8 25 11 22 12 23 9 26
5 25 10 20 11 21 6 26
5 17 8 17 8 25 5 25
