75
28 22 29 22 29 23 28 23
33 12 33 13 32 13 32 12
34 13 33 14 32 13 33 12
34 14 33 14 33 13 34 13
31 20 27 20 27 18 31 18
33 20 32 21 31 20 32 19
33 24 31 24 31 20 33 20
34 23 35 24 34 25 33 24
32 25 31 24 32 23 33 24
18 32 28 22 29 23 19 33
19 32 19 33 18 33 18 32
18 16 16 16 16 12 18 12
18 14 19 15 18 16 17 15
23 33 22 33 22 23 23 23
24 32 24 22 25 22 25 32
24 34 23 33 24 32 25 33
17 17 18 16 24 22 23 23
16 18 15 17 16 16 17 17
15 15 17 15 17 17 15 17
16 14 17 15 16 16 15 15
24 16 24 14 25 14 25 16
26 21 27 20 29 22 28 23
16 11 26 21 25 22 15 12
15 11 16 11 16 12 15 12
30 11 32 13 27 18 25 16
19 11 24 16 23 17 18 12
17 11 19 11 19 15 17 15
16 10 17 11 16 12 15 11
17 10 17 11 16 11 16 10
22 29 28 23 31 26 25 32
20 27 22 29 21 30 19 28
20 28 19 28 19 27 20 27
26 19 32 19 32 21 26 21
23 36 23 33 25 33 25 36
38 18 24 32 20 28 34 14
38 15 38 18 31 18 31 15
13 15 13 12 15 12 15 15
34 21 34 23 32 23 32 21
39 16 34 21 33 20 38 15
15 35 14 35 14 20 15 20
30 22 36 22 36 30 30 30
37 29 36 30 29 23 30 22
22 37 18 33 19 32 23 36
33 19 30 22 26 18 29 15
32 14 33 14 33 19 32 19
31 13 32 12 33 13 32 14
31 14 31 13 32 13 32 14
30 15 30 22 29 22 29 15
30 14 31 14 31 15 30 15
29 25 29 23 32 23 32 25
25 11 30 11 30 14 25 14
21 17 29 25 21 33 13 25
21 37 21 33 22 33 22 37
22 12 24 14 21 17 19 15
26 10 30 14 29 15 25 11
21 25 17 25 17 17 21 17
19 23 21 25 19 27 17 25
22 15 22 23 19 23 19 15
18 9 23 14 22 15 17 10
18 22 18 16 24 16 24 22
22 9 22 12 18 12 18 9
24 18 19 23 18 22 23 17
29 12 29 15 22 15 22 12
27 10 27 18 26 18 26 10
25 17 26 18 25 19 24 18
39 17 25 17 25 16 39 16
21 14 23 14 23 17 21 17
28 32 21 25 23 23 30 30
28 33 25 33 25 32 28 32
29 30 21 30 21 25 29 25
18 19 22 15 26 19 22 23
28 19 27 20 26 19 27 18
25 18 26 18 26 19 25 19
25 30 28 33 25 36 22 33
24 25 14 35 12 33 22 23
