1094
28 43 29 43 29 44 28 44
28 45 27 45 27 44 28 44
24 45 23 45 23 44 24 44
38 44 38 43 39 43 39 44
22 44 22 43 23 43 23 44
22 45 21 45 21 44 22 44
21 43 21 42 22 42 22 43
20 43 21 43 21 44 20 44
25 40 26 40 26 41 25 41
36 38 36 39 35 39 35 38
16 40 16 39 17 39 17 40
33 35 33 34 34 34 34 35
41 33 41 32 42 32 42 33
16 30 16 31 15 31 15 30
17 30 16 30 16 29 17 29
18 30 18 31 17 31 17 30
29 31 29 30 30 30 30 31
20 29 21 29 21 30 20 30
16 28 16 29 15 29 15 28
28 27 29 27 29 28 28 28
39 26 40 26 40 27 39 27
41 28 40 28 40 27 41 27
16 26 16 27 15 27 15 26
37 27 37 26 38 26 38 27
26 27 25 27 25 26 26 26
19 24 20 24 20 25 19 25
15 25 15 24 16 24 16 25
30 18 30 19 29 19 29 18
31 18 30 18 30 17 31 17
37 16 38 16 38 17 37 17
22 18 22 17 23 17 23 18
43 17 43 16 44 16 44 17
43 15 43 16 42 16 42 15
29 17 29 16 30 16 30 17
21 17 21 16 22 16 22 17
15 17 15 16 16 16 16 17
23 16 22 17 21 16 22 15
23 15 23 16 22 16 22 15
28 14 29 15 28 16 27 15
27 14 28 14 28 15 27 15
30 14 31 15 30 16 29 15
14 17 15 16 16 17 15 18
14 18 14 17 15 17 15 18
41 22 40 21 41 20 42 21
41 21 41 22 40 22 40 21
42 20 42 21 41 21 41 20
43 19 43 20 42 20 42 19
30 25 29 24 30 23 31 24
30 24 30 25 29 25 29 24
31 23 31 24 30 24 30 23
14 25 15 24 16 25 15 26
14 26 14 25 15 25 15 26
14 27 15 26 16 27 15 28
14 28 14 27 15 27 15 28
27 27 26 28 25 27 26 26
28 26 28 27 27 27 27 26
29 26 28 26 28 25 29 25
30 26 30 27 29 27 29 26
31 25 31 26 30 26 30 25
32 25 31 25 31 24 32 24
27 28 26 28 26 27 27 27
27 29 27 28 28 28 28 29
46 27 45 28 44 27 45 26
14 29 15 28 16 29 15 30
14 30 14 29 15 29 15 30
23 29 22 30 21 29 22 28
23 30 22 30 22 29 23 29
14 31 15 30 16 31 15 32
14 32 14 31 15 31 15 32
30 29 31 30 30 31 29 30
31 29 31 30 30 30 30 29
33 30 34 31 33 32 32 31
33 31 33 30 34 30 34 31
32 32 32 31 33 31 33 32
43 35 42 36 41 35 42 34
43 34 44 34 44 35 43 35
43 33 43 34 42 34 42 33
28 39 27 38 28 37 29 38
18 39 17 40 16 39 17 38
18 38 18 39 17 39 17 38
26 42 25 41 26 40 27 41
27 42 26 42 26 41 27 41
28 42 28 43 27 43 27 42
29 41 29 42 28 42 28 41
18 41 17 42 16 41 17 40
18 45 17 44 18 43 19 44
18 44 18 45 17 45 17 44
19 43 19 44 18 44 18 43
36 46 35 45 36 44 37 45
36 42 37 43 36 44 35 43
37 42 36 42 36 41 37 41
38 42 38 43 37 43 37 42
30 43 31 44 30 45 29 44
30 42 30 43 29 43 29 42
24 43 25 44 24 45 23 44
25 43 25 44 24 44 24 43
26 43 25 43 25 42 26 42
26 44 26 43 27 43 27 44
22 46 21 45 22 44 23 45
23 46 22 46 22 45 23 45
20 45 19 44 20 43 21 44
19 45 19 44 20 44 20 45
35 35 34 36 33 35 34 34
35 36 34 36 34 35 35 35
16 32 15 31 16 30 17 31
17 32 16 32 16 31 17 31
31 31 30 32 29 31 30 30
32 30 32 31 31 31 31 30
33 29 33 30 32 30 32 29
31 32 30 32 30 31 31 31
39 28 38 27 39 26 40 27
38 28 38 27 39 27 39 28
17 27 16 28 15 27 16 26
17 28 16 28 16 27 17 27
36 26 37 27 36 28 35 27
20 23 19 24 18 23 19 22
20 22 20 23 19 23 19 22
21 21 21 22 20 22 20 21
21 23 21 24 20 24 20 23
17 25 16 26 15 25 16 24
18 25 17 25 17 24 18 24
17 26 16 26 16 25 17 25
18 26 18 27 17 27 17 26
19 26 18 26 18 25 19 25
30 20 29 19 30 18 31 19
31 20 30 20 30 19 31 19
17 17 16 18 15 17 16 16
17 18 16 18 16 17 17 17
41 24 40 23 41 22 42 23
41 23 41 24 40 24 40 23
42 22 42 23 41 23 41 22
40 20 41 21 40 22 39 21
39 20 40 20 40 21 39 21
38 20 38 19 39 19 39 20
41 19 42 18 43 19 42 20
40 19 41 19 41 20 40 20
41 18 42 18 42 19 41 19
40 18 40 17 41 17 41 18
39 18 40 18 40 19 39 19
13 27 14 26 15 27 14 28
13 26 14 26 14 27 13 27
30 28 29 27 30 26 31 27
31 28 30 28 30 27 31 27
32 28 32 29 31 29 31 28
29 29 29 28 30 28 30 29
28 30 28 29 29 29 29 30
32 26 31 25 32 24 33 25
33 26 32 26 32 25 33 25
32 27 31 27 31 26 32 26
27 30 26 29 27 28 28 29
26 30 26 29 27 29 27 30
27 31 27 30 28 30 28 31
13 29 14 28 15 29 14 30
13 28 14 28 14 29 13 29
23 28 24 29 23 30 22 29
22 27 23 27 23 28 22 28
24 28 24 29 23 29 23 28
13 31 14 30 15 31 14 32
13 30 14 30 14 31 13 31
45 35 44 36 43 35 44 34
45 36 44 36 44 35 45 35
18 40 17 39 18 38 19 39
19 40 18 40 18 39 19 39
17 41 17 40 18 40 18 41
16 42 16 41 17 41 17 42
28 40 29 41 28 42 27 41
27 40 28 40 28 41 27 41
20 42 21 43 20 44 19 43
19 42 20 42 20 43 19 43
20 41 21 41 21 42 20 42
36 40 37 41 36 42 35 41
35 40 36 40 36 41 35 41
38 41 39 42 38 43 37 42
39 41 39 42 38 42 38 41
24 42 25 43 24 44 23 43
23 42 24 42 24 43 23 43
24 41 25 41 25 42 24 42
26 45 25 44 26 43 27 44
25 45 25 44 26 44 26 45
18 46 17 45 18 44 19 45
19 46 18 46 18 45 19 45
20 46 19 45 20 44 21 45
21 46 20 46 20 45 21 45
35 29 34 30 33 29 34 28
18 29 17 30 16 29 17 28
18 28 18 29 17 29 17 28
19 27 19 28 18 28 18 27
22 23 21 24 20 23 21 22
22 22 22 23 21 23 21 22
22 24 22 23 23 23 23 24
20 20 21 21 20 22 19 21
21 20 20 20 20 19 21 19
22 20 22 21 21 21 21 20
19 20 20 20 20 21 19 21
20 27 19 28 18 27 19 26
20 26 20 27 19 27 19 26
39 23 40 22 41 23 40 24
39 22 40 22 40 23 39 23
43 23 42 24 41 23 42 22
43 24 42 24 42 23 43 23
44 25 43 25 43 24 44 24
43 21 42 22 41 21 42 20
43 22 42 22 42 21 43 21
44 23 43 23 43 22 44 22
45 23 45 24 44 24 44 23
38 21 37 20 38 19 39 20
37 21 37 20 38 20 38 21
38 22 38 21 39 21 39 22
38 18 39 19 38 20 37 19
39 17 39 18 38 18 38 17
39 16 40 16 40 17 39 17
38 15 39 15 39 16 38 16
37 18 38 18 38 19 37 19
36 18 36 17 37 17 37 18
33 27 32 28 31 27 32 26
33 28 32 28 32 27 33 27
34 29 33 29 33 28 34 28
35 30 34 30 34 29 35 29
26 31 27 30 28 31 27 32
25 30 26 30 26 31 25 31
26 32 26 31 27 31 27 32
25 29 26 28 27 29 26 30
24 30 24 29 25 29 25 30
25 28 26 28 26 29 25 29
24 27 25 27 25 28 24 28
28 32 27 31 28 30 29 31
29 32 28 32 28 31 29 31
12 27 13 26 14 27 13 28
12 28 12 27 13 27 13 28
24 26 25 27 24 28 23 27
23 26 24 26 24 27 23 27
12 29 13 28 14 29 13 30
12 30 12 29 13 29 13 30
17 43 16 44 15 43 16 42
18 42 18 43 17 43 17 42
19 41 19 42 18 42 18 41
20 40 20 41 19 41 19 40
16 43 17 43 17 44 16 44
15 42 16 42 16 43 15 43
15 41 16 40 17 41 16 42
15 40 16 40 16 41 15 41
26 39 27 40 26 41 25 40
27 39 27 40 26 40 26 39
28 38 28 39 27 39 27 38
29 37 29 38 28 38 28 37
29 40 28 41 27 40 28 39
29 39 29 40 28 40 28 39
30 41 29 41 29 40 30 40
31 42 30 42 30 41 31 41
37 39 36 40 35 39 36 38
37 40 36 40 36 39 37 39
38 40 38 41 37 41 37 40
22 41 23 42 22 43 21 42
22 40 22 41 21 41 21 40
22 39 23 39 23 40 22 40
23 41 23 42 22 42 22 41
24 40 24 41 23 41 23 40
24 39 25 40 24 41 23 40
25 39 25 40 24 40 24 39
24 46 23 45 24 44 25 45
25 46 24 46 24 45 25 45
26 46 25 45 26 44 27 45
27 46 26 46 26 45 27 45
20 47 19 46 20 45 21 46
19 47 19 46 20 46 20 47
22 47 21 46 22 45 23 46
21 47 21 46 22 46 22 47
37 29 36 30 35 29 36 28
19 30 18 29 19 28 20 29
19 29 19 30 18 30 18 29
20 28 20 29 19 29 19 28
21 27 21 28 20 28 20 27
20 18 21 19 20 20 19 19
19 18 20 18 20 19 19 19
22 19 23 20 22 21 21 20
21 18 22 18 22 19 21 19
20 17 21 17 21 18 20 18
23 19 23 20 22 20 22 19
24 18 24 19 23 19 23 18
23 21 22 22 21 21 22 20
23 22 22 22 22 21 23 21
24 23 23 23 23 22 24 22
18 21 19 20 20 21 19 22
18 22 18 21 19 21 19 22
21 26 22 27 21 28 20 27
21 25 21 26 20 26 20 25
22 25 21 25 21 24 22 24
22 26 22 27 21 27 21 26
23 25 23 26 22 26 22 25
46 25 45 26 44 25 45 24
44 21 43 22 42 21 43 20
44 20 44 21 43 21 43 20
45 21 45 22 44 22 44 21
46 23 45 24 44 23 45 22
46 22 46 23 45 23 45 22
36 19 35 18 36 17 37 18
35 19 35 18 36 18 36 19
36 20 36 19 37 19 37 20
34 26 35 27 34 28 33 27
34 27 33 27 33 26 34 26
35 28 34 28 34 27 35 27
36 29 35 29 35 28 36 28
37 30 36 30 36 29 37 29
23 31 24 30 25 31 24 32
24 31 23 31 23 30 24 30
25 32 24 32 24 31 25 31
30 33 29 32 30 31 31 32
29 33 29 32 30 32 30 33
11 29 12 28 13 29 12 30
11 28 12 28 12 29 11 29
21 39 20 40 19 39 20 38
20 39 21 39 21 40 20 40
19 38 20 38 20 39 19 39
21 38 22 38 22 39 21 39
14 41 15 40 16 41 15 42
14 42 14 41 15 41 15 42
14 39 15 38 16 39 15 40
30 39 31 40 30 41 29 40
30 38 30 39 29 39 29 38
31 39 31 40 30 40 30 39
32 38 32 39 31 39 31 38
26 38 27 39 26 40 25 39
25 38 26 38 26 39 25 39
24 38 25 39 24 40 23 39
25 37 25 38 24 38 24 37
23 38 24 38 24 39 23 39
24 47 23 46 24 45 25 46
23 47 23 46 24 46 24 47
26 47 25 46 26 45 27 46
25 47 25 46 26 46 26 47
20 48 19 47 20 46 21 47
21 48 20 48 20 47 21 47
20 31 19 32 18 31 19 30
19 31 19 30 20 30 20 31
18 32 18 31 19 31 19 32
18 33 17 33 17 32 18 32
19 33 19 34 18 34 18 33
24 20 23 19 24 18 25 19
25 20 24 20 24 19 25 19
26 20 26 21 25 21 25 20
24 21 23 21 23 20 24 20
25 22 24 22 24 21 25 21
24 16 25 17 24 18 23 17
24 17 23 17 23 16 24 16
25 18 24 18 24 17 25 17
17 23 18 22 19 23 18 24
16 23 17 23 17 24 16 24
17 22 18 22 18 23 17 23
18 20 19 21 18 22 17 21
17 20 18 20 18 21 17 21
18 19 19 19 19 20 18 20
24 25 23 26 22 25 23 24
24 24 24 25 23 25 23 24
25 25 25 26 24 26 24 25
35 20 36 19 37 20 36 21
35 21 35 20 36 20 36 21
30 37 31 38 30 39 29 38
29 36 30 36 30 37 29 37
31 37 31 38 30 38 30 37
26 37 27 38 26 39 25 38
27 37 27 38 26 38 26 37
28 36 28 37 27 37 27 36
22 48 21 47 22 46 23 47
23 48 22 48 22 47 23 47
24 48 23 47 24 46 25 47
25 48 24 48 24 47 25 47
20 33 19 34 18 33 19 32
20 32 20 33 19 33 19 32
27 21 26 22 25 21 26 20
27 22 26 22 26 21 27 21
25 16 24 17 23 16 24 15
25 15 25 16 24 16 24 15
16 21 17 20 18 21 17 22
16 22 16 21 17 21 17 22
16 19 17 18 18 19 17 20
15 19 15 18 16 18 16 19
25 23 24 24 23 23 24 22
26 23 25 23 25 22 26 22
25 24 24 24 24 23 25 23
34 20 35 21 34 22 33 21
34 19 35 19 35 20 34 20
36 22 35 21 36 20 37 21
37 22 36 22 36 21 37 21
30 35 31 36 30 37 29 36
31 35 31 36 30 36 30 35
32 35 31 35 31 34 32 34
28 35 29 36 28 37 27 36
29 35 29 36 28 36 28 35
32 36 33 37 32 38 31 37
33 36 32 36 32 35 33 35
34 37 33 37 33 36 34 36
32 37 31 37 31 36 32 36
33 38 32 38 32 37 33 37
25 36 26 35 27 36 26 37
26 36 26 37 25 37 25 36
27 35 27 36 26 36 26 35
28 34 28 35 27 35 27 34
22 49 21 48 22 47 23 48
21 49 21 48 22 48 22 49
24 49 23 48 24 47 25 48
23 49 23 48 24 48 24 49
21 31 20 32 19 31 20 30
22 31 21 31 21 30 22 30
21 32 20 32 20 31 21 31
24 14 25 15 24 16 23 15
23 14 24 14 24 15 23 15
15 23 16 22 17 23 16 24
15 22 16 22 16 23 15 23
16 20 17 21 16 22 15 21
17 19 17 20 16 20 16 19
18 18 18 19 17 19 17 18
15 20 16 20 16 21 15 21
26 25 25 24 26 23 27 24
26 24 26 25 25 25 25 24
27 23 27 24 26 24 26 23
28 22 28 23 27 23 27 22
27 25 27 26 26 26 26 25
28 24 28 25 27 25 27 24
29 23 29 24 28 24 28 23
34 17 35 18 34 19 33 18
29 34 30 33 31 34 30 35
28 33 29 33 29 34 28 34
27 33 27 32 28 32 28 33
30 34 30 35 29 35 29 34
31 33 31 34 30 34 30 33
32 33 31 33 31 32 32 32
33 33 33 34 32 34 32 33
34 32 34 33 33 33 33 32
34 39 33 38 34 37 35 38
34 40 34 39 35 39 35 40
22 50 21 49 22 48 23 49
23 50 22 50 22 49 23 49
22 32 21 31 22 30 23 31
23 32 22 32 22 31 23 31
21 33 21 32 22 32 22 33
21 34 20 33 21 32 22 33
20 34 20 33 21 33 21 34
19 35 19 34 20 34 20 35
14 23 15 22 16 23 15 24
14 24 14 23 15 23 15 24
19 17 18 18 17 17 18 16
18 17 19 17 19 18 18 18
17 16 18 16 18 17 17 17
14 21 15 20 16 21 15 22
14 22 14 21 15 21 15 22
14 19 15 18 16 19 15 20
14 20 14 19 15 19 15 20
30 22 31 23 30 24 29 23
29 22 30 22 30 23 29 23
35 33 34 34 33 33 34 32
35 34 34 34 34 33 35 33
36 34 36 35 35 35 35 34
35 31 34 32 33 31 34 30
36 31 35 31 35 30 36 30
35 32 34 32 34 31 35 31
36 32 36 33 35 33 35 32
20 36 19 35 20 34 21 35
21 36 20 36 20 35 21 35
13 25 14 24 15 25 14 26
13 24 14 24 14 25 13 25
20 16 21 17 20 18 19 17
19 16 20 16 20 17 19 17
19 15 19 16 18 16 18 15
13 23 14 22 15 23 14 24
13 22 14 22 14 23 13 23
13 21 14 20 15 21 14 22
13 20 14 20 14 21 13 21
13 19 14 18 15 19 14 20
13 18 14 18 14 19 13 19
30 21 31 22 30 23 29 22
31 21 31 22 30 22 30 21
28 21 29 22 28 23 27 22
29 21 29 22 28 22 28 21
29 20 30 20 30 21 29 21
37 35 36 36 35 35 36 34
37 36 36 36 36 35 37 35
37 33 36 34 35 33 36 32
37 34 36 34 36 33 37 33
37 31 36 32 35 31 36 30
37 32 36 32 36 31 37 31
22 35 21 36 20 35 21 34
22 34 22 35 21 35 21 34
12 25 13 24 14 25 13 26
12 26 12 25 13 25 13 26
20 15 21 16 20 17 19 16
21 15 21 16 20 16 20 15
12 23 13 22 14 23 13 24
12 24 12 23 13 23 13 24
12 21 13 20 14 21 13 22
12 22 12 21 13 21 13 22
12 19 13 18 14 19 13 20
12 20 12 19 13 19 13 20
28 20 29 21 28 22 27 21
27 20 28 20 28 21 27 21
28 19 29 19 29 20 28 20
38 34 39 35 38 36 37 35
38 35 37 35 37 34 38 34
39 36 38 36 38 35 39 35
38 33 37 34 36 33 37 32
38 32 38 33 37 33 37 32
38 31 37 32 36 31 37 30
38 30 38 31 37 31 37 30
23 35 22 36 21 35 22 34
23 36 22 36 22 35 23 35
23 33 22 34 21 33 22 32
24 33 23 33 23 32 24 32
25 33 25 34 24 34 24 33
26 33 25 33 25 32 26 32
26 34 26 33 27 33 27 34
25 35 25 34 26 34 26 35
23 34 22 34 22 33 23 33
24 35 23 35 23 34 24 34
24 36 24 35 25 35 25 36
23 37 23 36 24 36 24 37
22 37 23 37 23 38 22 38
21 37 21 36 22 36 22 37
20 37 21 37 21 38 20 38
11 27 12 26 13 27 12 28
11 26 12 26 12 27 11 27
22 14 23 15 22 16 21 15
21 14 22 14 22 15 21 15
20 14 21 15 20 16 19 15
19 14 20 14 20 15 19 15
11 25 12 24 13 25 12 26
11 24 12 24 12 25 11 25
11 23 12 22 13 23 12 24
11 22 12 22 12 23 11 23
11 21 12 20 13 21 12 22
11 20 12 20 12 21 11 21
26 19 27 20 26 21 25 20
26 18 26 19 25 19 25 18
27 19 27 20 26 20 26 19
39 33 38 34 37 33 38 32
39 34 38 34 38 33 39 33
39 31 38 32 37 31 38 30
39 32 38 32 38 31 39 31
40 33 39 33 39 32 40 32
39 29 38 30 37 29 38 28
40 29 39 29 39 28 40 28
19 37 20 36 21 37 20 38
18 37 19 37 19 38 18 38
19 36 20 36 20 37 19 37
10 27 11 26 12 27 11 28
10 28 10 27 11 27 11 28
22 13 23 14 22 15 21 14
23 13 23 14 22 14 22 13
20 13 21 14 20 15 19 14
21 13 21 14 20 14 20 13
10 25 11 24 12 25 11 26
10 26 10 25 11 25 11 26
10 23 11 22 12 23 11 24
10 24 10 23 11 23 11 24
10 21 11 20 12 21 11 22
10 22 10 21 11 21 11 22
28 18 29 19 28 20 27 19
27 18 28 18 28 19 27 19
28 17 29 17 29 18 28 18
40 34 39 33 40 32 41 33
41 34 40 34 40 33 41 33
42 35 41 35 41 34 42 34
43 36 42 36 42 35 43 35
43 37 43 36 44 36 44 37
43 38 42 38 42 37 43 37
40 35 39 35 39 34 40 34
41 30 40 29 41 28 42 29
17 36 18 37 17 38 16 37
18 35 19 34 20 35 19 36
18 36 18 35 19 35 19 36
17 37 17 36 18 36 18 37
16 38 16 37 17 37 17 38
15 39 15 38 16 38 16 39
14 40 14 39 15 39 15 40
22 12 23 13 22 14 21 13
21 12 22 12 22 13 21 13
9 27 10 26 11 27 10 28
9 26 10 26 10 27 9 27
9 25 10 24 11 25 10 26
9 24 10 24 10 25 9 25
9 23 10 22 11 23 10 24
9 22 10 22 10 23 9 23
27 17 28 16 29 17 28 18
26 17 27 17 27 18 26 18
26 16 26 17 25 17 25 16
27 16 28 16 28 17 27 17
26 15 27 15 27 16 26 16
40 36 39 35 40 34 41 35
41 36 40 36 40 35 41 35
41 37 41 36 42 36 42 37
45 37 44 38 43 37 44 36
45 38 44 38 44 37 45 37
44 39 43 40 42 39 43 38
43 39 43 38 44 38 44 39
42 40 42 39 43 39 43 40
42 41 41 41 41 40 42 40
17 35 18 34 19 35 18 36
17 34 18 34 18 35 17 35
13 41 14 40 15 41 14 42
13 40 14 40 14 41 13 41
8 25 9 24 10 25 9 26
8 26 8 25 9 25 9 26
8 23 9 22 10 23 9 24
8 24 8 23 9 23 9 24
26 14 27 15 26 16 25 15
25 14 26 14 26 15 25 15
46 37 45 38 44 37 45 36
46 36 46 37 45 37 45 36
41 39 42 38 43 39 42 40
41 38 42 38 42 39 41 39
43 42 42 41 43 40 44 41
16 35 17 34 18 35 17 36
16 36 16 35 17 35 17 36
16 33 17 32 18 33 17 34
15 33 15 32 16 32 16 33
16 34 16 33 17 33 17 34
15 34 16 34 16 35 15 35
7 25 8 24 9 25 8 26
7 24 8 24 8 25 7 25
26 13 27 14 26 15 25 14
27 13 27 14 26 14 26 13
24 13 25 14 24 15 23 14
25 13 25 14 24 14 24 13
40 39 41 38 42 39 41 40
40 40 40 39 41 39 41 40
40 37 41 36 42 37 41 38
39 37 39 36 40 36 40 37
40 38 40 37 41 37 41 38
15 37 16 36 17 37 16 38
15 36 16 36 16 37 15 37
14 33 15 32 16 33 15 34
14 34 14 33 15 33 15 34
26 12 27 13 26 14 25 13
25 12 26 12 26 13 25 13
24 12 25 13 24 14 23 13
23 12 24 12 24 13 23 13
40 42 39 41 40 40 41 41
40 43 39 43 39 42 40 42
39 39 40 38 41 39 40 40
39 38 40 38 40 39 39 39
14 37 15 36 16 37 15 38
14 38 14 37 15 37 15 38
14 35 15 34 16 35 15 36
14 36 14 35 15 35 15 36
13 33 14 32 15 33 14 34
13 32 14 32 14 33 13 33
24 11 25 12 24 13 23 12
25 11 25 12 24 12 24 11
22 11 23 12 22 13 21 12
23 11 23 12 22 12 22 11
41 44 40 45 39 44 40 43
38 38 39 39 38 40 37 39
38 37 39 37 39 38 38 38
37 37 37 36 38 36 38 37
13 39 14 38 15 39 14 40
13 38 14 38 14 39 13 39
13 37 14 36 15 37 14 38
13 36 14 36 14 37 13 37
13 35 14 34 15 35 14 36
13 34 14 34 14 35 13 35
12 31 13 30 14 31 13 32
12 32 12 31 13 31 13 32
24 10 25 11 24 12 23 11
23 10 24 10 24 11 23 11
35 37 36 36 37 37 36 38
36 37 35 37 35 36 36 36
37 38 36 38 36 37 37 37
38 39 37 39 37 38 38 38
39 40 38 40 38 39 39 39
40 41 39 41 39 40 40 40
41 42 40 42 40 41 41 41
34 38 34 37 35 37 35 38
33 39 33 38 34 38 34 39
12 39 13 38 14 39 13 40
12 40 12 39 13 39 13 40
12 37 13 36 14 37 13 38
12 38 12 37 13 37 13 38
12 35 13 34 14 35 13 36
12 36 12 35 13 35 13 36
12 33 13 32 14 33 13 34
12 34 12 33 13 33 13 34
11 31 12 30 13 31 12 32
11 30 12 30 12 31 11 31
32 40 31 39 32 38 33 39
33 40 32 40 32 39 33 39
32 41 31 41 31 40 32 40
11 39 12 38 13 39 12 40
11 38 12 38 12 39 11 39
11 37 12 36 13 37 12 38
11 36 12 36 12 37 11 37
11 35 12 34 13 35 12 36
11 34 12 34 12 35 11 35
11 33 12 32 13 33 12 34
11 32 12 32 12 33 11 33
10 29 11 28 12 29 11 30
10 30 10 29 11 29 11 30
34 41 33 40 34 39 35 40
33 41 33 40 34 40 34 41
10 37 11 36 12 37 11 38
10 38 10 37 11 37 11 38
10 35 11 34 12 35 11 36
10 36 10 35 11 35 11 36
10 33 11 32 12 33 11 34
10 34 10 33 11 33 11 34
10 31 11 30 12 31 11 32
10 32 10 31 11 31 11 32
9 29 10 28 11 29 10 30
9 28 10 28 10 29 9 29
32 42 31 41 32 40 33 41
33 42 32 42 32 41 33 41
34 42 33 41 34 40 35 41
35 42 34 42 34 41 35 41
36 43 35 43 35 42 36 42
37 44 36 44 36 43 37 43
38 45 37 45 37 44 38 44
9 37 10 36 11 37 10 38
9 36 10 36 10 37 9 37
9 35 10 34 11 35 10 36
9 34 10 34 10 35 9 35
9 33 10 32 11 33 10 34
9 32 10 32 10 33 9 33
9 31 10 30 11 31 10 32
9 30 10 30 10 31 9 31
8 27 9 26 10 27 9 28
8 28 8 27 9 27 9 28
32 43 31 42 32 41 33 42
31 43 31 42 32 42 32 43
30 44 30 43 31 43 31 44
29 45 29 44 30 44 30 45
34 43 33 42 34 41 35 42
33 43 33 42 34 42 34 43
8 35 9 34 10 35 9 36
8 36 8 35 9 35 9 36
8 33 9 32 10 33 9 34
8 34 8 33 9 33 9 34
8 31 9 30 10 31 9 32
8 32 8 31 9 31 9 32
8 29 9 28 10 29 9 30
8 30 8 29 9 29 9 30
7 27 8 26 9 27 8 28
7 26 8 26 8 27 7 27
28 46 27 45 28 44 29 45
29 46 28 46 28 45 29 45
32 44 31 43 32 42 33 43
33 44 32 44 32 43 33 43
34 44 33 43 34 42 35 43
35 44 34 44 34 43 35 43
36 45 35 45 35 44 36 44
37 46 36 46 36 45 37 45
7 35 8 34 9 35 8 36
7 34 8 34 8 35 7 35
7 33 8 32 9 33 8 34
7 32 8 32 8 33 7 33
7 31 8 30 9 31 8 32
7 30 8 30 8 31 7 31
7 29 8 28 9 29 8 30
7 28 8 28 8 29 7 29
6 25 7 24 8 25 7 26
6 26 6 25 7 25 7 26
28 47 27 46 28 45 29 46
27 47 27 46 28 46 28 47
32 45 31 44 32 43 33 44
31 45 31 44 32 44 32 45
34 45 33 44 34 43 35 44
33 45 33 44 34 44 34 45
6 33 7 32 8 33 7 34
6 34 6 33 7 33 7 34
6 31 7 30 8 31 7 32
6 32 6 31 7 31 7 32
6 29 7 28 8 29 7 30
6 30 6 29 7 29 7 30
6 27 7 26 8 27 7 28
6 28 6 27 7 27 7 28
26 48 25 47 26 46 27 47
27 48 26 48 26 47 27 47
30 46 29 45 30 44 31 45
31 46 30 46 30 45 31 45
32 46 31 45 32 44 33 45
33 46 32 46 32 45 33 45
34 46 33 45 34 44 35 45
35 46 34 46 34 45 35 45
5 33 6 32 7 33 6 34
5 32 6 32 6 33 5 33
5 31 6 30 7 31 6 32
5 30 6 30 6 31 5 31
5 29 6 28 7 29 6 30
5 28 6 28 6 29 5 29
5 27 6 26 7 27 6 28
5 26 6 26 6 27 5 27
26 49 25 48 26 47 27 48
25 49 25 48 26 48 26 49
30 47 29 46 30 45 31 46
29 47 29 46 30 46 30 47
32 47 31 46 32 45 33 46
31 47 31 46 32 46 32 47
34 47 33 46 34 45 35 46
33 47 33 46 34 46 34 47
36 47 35 46 36 45 37 46
35 47 35 46 36 46 36 47
4 31 5 30 6 31 5 32
4 32 4 31 5 31 5 32
4 29 5 28 6 29 5 30
4 30 4 29 5 29 5 30
4 27 5 26 6 27 5 28
4 28 4 27 5 27 5 28
24 50 23 49 24 48 25 49
25 50 24 50 24 49 25 49
28 48 27 47 28 46 29 47
29 48 28 48 28 47 29 47
30 48 29 47 30 46 31 47
31 48 30 48 30 47 31 47
32 48 31 47 32 46 33 47
33 48 32 48 32 47 33 47
34 48 33 47 34 46 35 47
35 48 34 48 34 47 35 47
3 31 4 30 5 31 4 32
3 30 4 30 4 31 3 31
3 29 4 28 5 29 4 30
3 28 4 28 4 29 3 29
24 51 23 50 24 49 25 50
23 51 23 50 24 50 24 51
28 49 27 48 28 47 29 48
27 49 27 48 28 48 28 49
30 49 29 48 30 47 31 48
29 49 29 48 30 48 30 49
32 49 31 48 32 47 33 48
31 49 31 48 32 48 32 49
34 49 33 48 34 47 35 48
33 49 33 48 34 48 34 49
2 29 3 28 4 29 3 30
2 30 2 29 3 29 3 30
26 50 25 49 26 48 27 49
27 50 26 50 26 49 27 49
28 50 27 49 28 48 29 49
29 50 28 50 28 49 29 49
30 50 29 49 30 48 31 49
31 50 30 50 30 49 31 49
32 50 31 49 32 48 33 49
33 50 32 50 32 49 33 49
26 51 25 50 26 49 27 50
25 51 25 50 26 50 26 51
28 51 27 50 28 49 29 50
27 51 27 50 28 50 28 51
30 51 29 50 30 49 31 50
29 51 29 50 30 50 30 51
32 51 31 50 32 49 33 50
31 51 31 50 32 50 32 51
24 52 23 51 24 50 25 51
25 52 24 52 24 51 25 51
26 52 25 51 26 50 27 51
27 52 26 52 26 51 27 51
28 52 27 51 28 50 29 51
29 52 28 52 28 51 29 51
30 52 29 51 30 50 31 51
31 52 30 52 30 51 31 51
26 53 25 52 26 51 27 52
25 53 25 52 26 52 26 53
28 53 27 52 28 51 29 52
27 53 27 52 28 52 28 53
30 53 29 52 30 51 31 52
29 53 29 52 30 52 30 53
26 54 25 53 26 52 27 53
27 54 26 54 26 53 27 53
28 54 27 53 28 52 29 53
29 54 28 54 28 53 29 53
28 55 27 54 28 53 29 54
27 55 27 54 28 54 28 55
40 30 43 27 45 29 42 32
41 29 41 30 40 30 40 29
42 28 42 29 41 29 41 28
42 27 43 27 43 28 42 28
43 26 44 27 43 28 42 27
44 26 44 27 43 27 43 26
45 25 45 26 44 26 44 25
46 24 46 25 45 25 45 24
41 26 42 27 41 28 40 27
42 26 42 27 41 27 41 26
42 25 43 25 43 26 42 26
41 25 41 24 42 24 42 25
40 25 41 25 41 26 40 26
47 23 46 24 45 23 46 22
47 24 46 24 46 23 47 23
39 25 40 24 41 25 40 26
38 25 39 25 39 26 38 26
39 24 40 24 40 25 39 25
36 25 37 24 38 25 37 26
37 25 37 26 36 26 36 25
38 24 38 25 37 25 37 24
38 23 39 23 39 24 38 24
37 23 37 22 38 22 38 23
33 20 33 21 31 21 31 20
34 21 33 20 34 19 35 20
35 22 34 22 34 21 35 21
34 23 33 22 34 21 35 22
33 23 33 22 34 22 34 23
36 23 35 22 36 21 37 22
35 23 35 22 36 22 36 23
36 24 36 23 37 23 37 24
32 22 33 23 32 24 31 23
32 23 31 23 31 22 32 22
33 24 32 24 32 23 33 23
34 24 33 23 34 22 35 23
35 24 34 24 34 23 35 23
35 25 35 24 36 24 36 25
34 25 33 25 33 24 34 24
35 26 34 26 34 25 35 25
36 27 35 27 35 26 36 26
37 28 36 28 36 27 37 27
38 29 37 29 37 28 38 28
39 30 38 30 38 29 39 29
40 31 39 31 39 30 40 30
41 31 41 32 40 32 40 31
32 20 33 21 32 22 31 21
32 21 33 22 32 23 31 22
42 31 41 32 40 31 41 30
42 30 42 31 41 31 41 30
43 30 42 30 42 29 43 29
32 19 33 20 32 21 31 20
32 18 32 19 31 19 31 18
43 32 42 31 43 30 44 31
43 31 43 32 42 32 42 31
44 30 44 31 43 31 43 30
44 29 43 30 42 29 43 28
44 28 44 29 43 29 43 28
45 27 45 28 44 28 44 27
46 26 46 27 45 27 45 26
45 30 44 30 44 29 45 29
32 17 33 18 32 19 31 18
31 16 32 16 32 17 31 17
30 15 31 15 31 16 30 16
29 14 30 14 30 15 29 15
33 17 33 18 32 18 32 17
33 16 34 16 34 17 33 17
33 15 33 16 32 16 32 15
33 19 32 20 31 19 32 18
34 18 34 19 33 19 33 18
35 17 35 18 34 18 34 17
44 33 43 34 42 33 43 32
44 32 44 33 43 33 43 32
45 32 44 32 44 31 45 31
47 25 46 26 45 25 46 24
47 26 46 26 46 25 47 25
46 29 45 30 44 29 45 28
46 28 46 29 45 29 45 28
28 13 29 14 28 15 27 14
29 13 29 14 28 14 28 13
32 14 33 15 32 16 31 15
31 14 32 14 32 15 31 15
36 16 37 17 36 18 35 17
35 16 36 16 36 17 35 17
45 33 44 34 43 33 44 32
45 34 44 34 44 33 45 33
46 31 45 32 44 31 45 30
46 30 46 31 45 31 45 30
48 25 47 26 46 25 47 24
48 24 48 25 47 25 47 24
47 27 46 28 45 27 46 26
47 28 46 28 46 27 47 27
28 12 29 13 28 14 27 13
27 12 28 12 28 13 27 13
30 13 31 14 30 15 29 14
31 13 31 14 30 14 30 13
36 15 37 16 36 17 35 16
37 15 37 16 36 16 36 15
34 15 35 16 34 17 33 16
35 15 35 16 34 16 34 15
46 35 45 36 44 35 45 34
46 34 46 35 45 35 45 34
46 33 45 34 44 33 45 32
46 32 46 33 45 33 45 32
47 29 46 30 45 29 46 28
47 30 46 30 46 29 47 29
48 27 47 28 46 27 47 26
48 26 48 27 47 27 47 26
26 11 27 12 26 13 25 12
27 11 27 12 26 12 26 11
30 12 31 13 30 14 29 13
29 12 30 12 30 13 29 13
38 14 39 15 38 16 37 15
37 14 38 14 38 15 37 15
36 14 37 15 36 16 35 15
35 14 36 14 36 15 35 15
34 14 35 15 34 16 33 15
33 14 34 14 34 15 33 15
47 35 46 36 45 35 46 34
47 36 46 36 46 35 47 35
47 33 46 34 45 33 46 32
47 34 46 34 46 33 47 33
47 31 46 32 45 31 46 30
47 32 46 32 46 31 47 31
48 29 47 30 46 29 47 28
48 28 48 29 47 29 47 28
49 25 48 26 47 25 48 24
49 26 48 26 48 25 49 25
26 10 27 11 26 12 25 11
25 10 26 10 26 11 25 11
28 11 29 12 28 13 27 12
29 11 29 12 28 12 28 11
36 13 37 14 36 15 35 14
37 13 37 14 36 14 36 13
34 13 35 14 34 15 33 14
35 13 35 14 34 14 34 13
32 13 33 14 32 15 31 14
33 13 33 14 32 14 32 13
48 35 47 36 46 35 47 34
48 34 48 35 47 35 47 34
48 33 47 34 46 33 47 32
48 32 48 33 47 33 47 32
48 31 47 32 46 31 47 30
48 30 48 31 47 31 47 30
49 27 48 28 47 27 48 26
49 28 48 28 48 27 49 27
24 9 25 10 24 11 23 10
25 9 25 10 24 10 24 9
28 10 29 11 28 12 27 11
27 10 28 10 28 11 27 11
36 12 37 13 36 14 35 13
35 12 36 12 36 13 35 13
34 12 35 13 34 14 33 13
33 12 34 12 34 13 33 13
32 12 33 13 32 14 31 13
31 12 32 12 32 13 31 13
49 33 48 34 47 33 48 32
49 34 48 34 48 33 49 33
49 31 48 32 47 31 48 30
49 32 48 32 48 31 49 31
49 29 48 30 47 29 48 28
49 30 48 30 48 29 49 29
50 27 49 28 48 27 49 26
50 26 50 27 49 27 49 26
26 9 27 10 26 11 25 10
27 9 27 10 26 10 26 9
34 11 35 12 34 13 33 12
35 11 35 12 34 12 34 11
32 11 33 12 32 13 31 12
33 11 33 12 32 12 32 11
30 11 31 12 30 13 29 12
31 11 31 12 30 12 30 11
50 33 49 34 48 33 49 32
50 32 50 33 49 33 49 32
50 31 49 32 48 31 49 30
50 30 50 31 49 31 49 30
50 29 49 30 48 29 49 28
50 28 50 29 49 29 49 28
26 8 27 9 26 10 25 9
25 8 26 8 26 9 25 9
34 10 35 11 34 12 33 11
33 10 34 10 34 11 33 11
32 10 33 11 32 12 31 11
31 10 32 10 32 11 31 11
30 10 31 11 30 12 29 11
29 10 30 10 30 11 29 11
51 31 50 32 49 31 50 30
51 32 50 32 50 31 51 31
51 29 50 30 49 29 50 28
51 30 50 30 50 29 51 29
51 27 50 28 49 27 50 26
51 28 50 28 50 27 51 27
32 9 33 10 32 11 31 10
33 9 33 10 32 10 32 9
30 9 31 10 30 11 29 10
31 9 31 10 30 10 30 9
28 9 29 10 28 11 27 10
29 9 29 10 28 10 28 9
52 31 51 32 50 31 51 30
52 30 52 31 51 31 51 30
52 29 51 30 50 29 51 28
52 28 52 29 51 29 51 28
32 8 33 9 32 10 31 9
31 8 32 8 32 9 31 9
30 8 31 9 30 10 29 9
29 8 30 8 30 9 29 9
28 8 29 9 28 10 27 9
27 8 28 8 28 9 27 9
53 29 52 30 51 29 52 28
53 30 52 30 52 29 53 29
30 7 31 8 30 9 29 8
31 7 31 8 30 8 30 7
28 7 29 8 28 9 27 8
29 7 29 8 28 8 28 7
26 7 27 8 26 9 25 8
27 7 27 8 26 8 26 7
30 6 31 7 30 8 29 7
29 6 30 6 30 7 29 7
28 6 29 7 28 8 27 7
27 6 28 6 28 7 27 7
28 5 29 6 28 7 27 6
29 5 29 6 28 6 28 5
41 15 42 16 41 17 40 16
43 44 41 44 41 42 43 42
41 14 42 15 40 17 39 16
42 14 42 15 41 15 41 14
45 18 43 20 42 19 44 17
46 40 45 41 43 39 44 38
46 42 43 42 43 40 46 40
45 39 45 41 44 41 44 39
