170
26 39 25 39 25 38 26 38
24 14 24 15 23 15 23 14
22 16 21 15 22 14 23 15
28 12 29 13 28 14 27 13
14 21 15 20 16 21 15 22
13 20 14 20 14 21 13 21
31 27 32 26 33 27 32 28
39 29 38 30 37 29 38 28
23 16 24 15 28 19 27 20
22 15 23 15 23 16 22 16
21 14 22 14 22 15 21 15
22 13 23 14 22 15 21 14
23 13 23 14 22 14 22 13
32 27 29 30 26 27 29 24
31 26 32 26 32 27 31 27
33 28 32 28 32 27 33 27
33 26 31 24 32 23 34 25
34 27 33 28 32 27 33 26
34 26 34 27 33 27 33 26
32 18 37 23 34 26 29 21
33 17 33 18 32 18 32 17
31 17 32 16 33 17 32 18
31 16 32 16 32 17 31 17
32 15 33 16 32 17 31 16
33 15 33 16 32 16 32 15
28 21 32 17 33 18 29 22
28 22 28 21 29 21 29 22
28 23 27 23 27 22 28 22
24 12 28 12 28 14 24 14
25 13 24 14 23 13 24 12
25 32 27 32 27 35 25 35
24 32 24 31 25 31 25 32
25 15 25 13 26 13 26 15
24 16 23 15 24 14 25 15
25 16 24 16 24 15 25 15
38 29 38 28 39 28 39 29
23 17 24 16 29 21 28 22
24 17 23 17 23 16 24 16
16 33 14 33 14 21 16 21
15 32 16 33 15 34 14 33
36 30 33 27 34 26 37 29
36 29 37 29 37 30 36 30
37 28 38 29 37 30 36 29
35 26 37 26 37 28 35 28
35 25 35 26 34 26 34 25
36 27 35 28 34 27 35 26
38 27 37 28 36 27 37 26
28 24 29 24 29 30 28 30
29 23 28 24 27 23 28 22
37 22 38 23 35 26 34 25
38 22 38 23 37 23 37 22
38 24 37 23 38 22 39 23
39 24 38 24 38 23 39 23
20 34 15 34 15 32 20 32
32 14 32 15 30 15 30 14
31 15 32 14 33 15 32 16
16 38 20 34 21 35 17 39
16 39 15 39 15 38 16 38
17 38 16 39 15 38 16 37
17 37 17 38 16 38 16 37
28 35 25 38 22 35 25 32
9 21 16 14 20 18 13 25
27 46 20 39 27 32 34 39
38 13 38 15 36 15 36 13
27 39 27 35 28 35 28 39
26 40 25 39 26 38 27 39
27 40 26 40 26 39 27 39
33 39 33 33 34 33 34 39
9 23 9 21 13 21 13 23
36 38 29 38 29 30 36 30
36 11 38 13 36 15 34 13
34 40 33 39 35 37 36 38
34 46 27 46 27 40 34 40
40 40 34 46 27 39 33 33
36 16 36 17 33 17 33 16
39 19 32 26 29 23 36 16
39 22 38 22 38 19 39 19
40 23 39 24 38 23 39 22
40 22 40 23 39 23 39 22
40 39 40 40 34 40 34 39
21 33 20 32 24 28 25 29
37 42 34 39 37 36 40 39
16 35 16 33 21 33 21 35
15 36 14 35 15 34 16 35
39 36 37 36 37 34 39 34
40 17 38 19 36 17 38 15
34 11 36 11 36 13 34 13
22 38 22 35 25 35 25 38
10 26 13 23 25 35 22 38
10 27 13 24 18 29 15 32
14 37 14 35 16 35 16 37
37 32 37 30 38 30 38 32
40 21 36 21 36 17 40 17
39 20 37 22 36 21 38 19
15 15 15 20 14 20 14 15
35 34 37 32 39 34 37 36
20 38 20 39 17 39 17 38
30 39 29 38 34 33 35 34
25 12 26 13 24 15 23 14
34 29 34 27 36 27 36 29
35 30 34 29 35 28 36 29
35 32 37 32 37 34 35 34
34 31 25 31 25 29 34 29
36 31 35 32 34 31 35 30
38 31 37 32 36 31 37 30
30 32 30 27 31 27 31 32
43 29 35 37 30 32 38 24
43 34 39 34 39 29 43 29
44 33 43 34 38 29 39 28
34 21 29 21 29 13 34 13
30 17 34 21 32 23 28 19
29 16 30 15 31 16 30 17
16 18 19 21 17 23 14 20
19 18 16 18 16 14 19 14
20 19 28 19 28 21 20 21
19 19 19 18 20 18 20 19
16 19 19 19 19 21 16 21
24 38 21 35 24 32 27 35
31 37 31 34 35 34 35 37
17 34 16 33 27 22 28 23
27 38 28 39 27 40 26 39
17 20 24 20 24 23 17 23
18 17 19 18 17 20 16 19
20 22 28 14 31 17 23 25
15 27 15 22 20 22 20 27
10 32 10 27 15 27 15 32
26 21 27 20 28 21 27 22
9 33 10 32 16 38 15 39
9 35 9 33 14 33 14 35
12 38 9 35 24 20 27 23
22 17 26 21 24 23 20 19
21 16 22 15 23 16 22 17
21 17 21 16 22 16 22 17
22 18 21 17 22 16 23 17
23 18 22 18 22 17 23 17
27 17 27 20 24 20 24 17
8 30 13 25 15 27 10 32
8 29 18 29 18 30 8 30
17 24 13 24 13 23 17 23
12 36 15 36 15 38 12 38
27 15 30 15 30 17 27 17
16 24 17 23 25 31 24 32
32 22 32 23 29 23 29 22
36 24 38 24 38 27 36 27
36 23 34 23 34 21 36 21
28 18 27 17 30 14 31 15
32 19 28 19 28 18 32 18
37 19 37 22 32 22 32 19
33 23 33 26 32 26 32 23
26 30 25 29 32 22 33 23
32 36 31 37 25 31 26 30
32 42 32 36 37 36 37 42
25 28 31 34 27 38 21 32
19 22 20 21 26 27 25 28
21 29 18 29 18 17 21 17
18 23 16 21 17 20 19 22
20 30 20 27 26 27 26 30
24 33 21 33 21 32 24 32
20 25 19 26 17 24 18 23
30 31 33 28 34 29 31 32
24 29 24 28 25 28 25 29
21 31 21 29 24 29 24 31
20 31 21 31 21 32 20 32
25 27 28 24 31 27 28 30
18 31 18 30 20 30 20 31
22 26 23 25 25 27 24 28
19 23 22 26 18 30 15 27
30 24 30 17 31 17 31 24
30 23 29 24 28 23 29 22
29 26 30 27 25 32 24 31
