225
14 24 14 23 15 23 15 24
25 20 26 20 26 21 25 21
24 20 24 19 25 19 25 20
9 21 9 20 10 20 10 21
21 18 22 18 22 19 21 19
22 13 23 13 23 14 22 14
14 9 13 9 13 8 14 8
15 10 14 10 14 9 15 9
13 12 12 13 11 12 12 11
10 19 11 20 10 21 9 20
11 19 11 20 10 20 10 19
11 18 12 18 12 19 11 19
19 21 20 20 21 21 20 22
19 22 18 22 18 21 19 21
13 24 14 23 15 24 14 25
13 25 13 24 14 24 14 25
14 22 15 23 14 24 13 23
13 22 14 22 14 23 13 23
23 19 24 18 25 19 24 20
23 18 24 18 24 19 23 19
23 17 23 18 22 18 22 17
14 11 13 10 14 9 15 10
13 11 13 10 14 10 14 11
12 12 12 11 13 11 13 12
11 13 11 12 12 12 12 13
10 18 11 19 10 20 9 19
9 18 10 18 10 19 9 19
12 20 11 19 12 18 13 19
13 20 12 20 12 19 13 19
14 20 14 21 13 21 13 20
18 20 19 21 18 22 17 21
17 20 18 20 18 21 17 21
17 22 18 21 19 22 18 23
17 23 17 22 18 22 18 23
15 22 14 23 13 22 14 21
15 21 15 22 14 22 14 21
16 22 16 23 15 23 15 22
16 21 17 21 17 22 16 22
22 20 21 19 22 18 23 19
23 20 22 20 22 19 23 19
22 16 23 17 22 18 21 17
21 16 22 16 22 17 21 17
10 17 11 18 10 19 9 18
11 17 11 18 10 18 10 17
12 21 11 20 12 19 13 20
11 21 11 20 12 20 12 21
12 22 12 21 13 21 13 22
16 24 15 23 16 22 17 23
17 24 16 24 16 23 17 23
16 20 17 21 16 22 15 21
15 20 16 20 16 21 15 21
23 21 22 22 21 21 22 20
24 21 23 21 23 20 24 20
10 22 9 21 10 20 11 21
11 22 10 22 10 21 11 21
16 25 15 24 16 23 17 24
15 25 15 24 16 24 16 25
14 26 14 25 15 25 15 26
16 19 17 20 16 21 15 20
17 19 17 20 16 20 16 19
14 19 15 20 14 21 13 20
15 19 15 20 14 20 14 19
24 22 23 21 24 20 25 21
25 22 24 22 24 21 25 21
12 23 11 22 12 21 13 22
11 23 11 22 12 22 12 23
12 24 12 23 13 23 13 24
16 26 15 25 16 24 17 25
17 26 16 26 16 25 17 25
19 19 18 20 17 19 18 18
16 18 17 19 16 20 15 19
15 18 16 18 16 19 15 19
14 18 15 19 14 20 13 19
15 17 15 18 14 18 14 17
13 18 14 18 14 19 13 19
16 27 15 26 16 25 17 26
15 27 15 26 16 26 16 27
20 18 21 19 20 20 19 19
20 17 21 17 21 18 20 18
12 17 13 18 12 19 11 18
13 17 13 18 12 18 12 17
19 17 20 16 21 17 20 18
19 16 20 16 20 17 19 17
19 15 19 16 18 16 18 15
14 16 15 17 14 18 13 17
13 16 14 16 14 17 13 17
12 16 13 17 12 18 11 17
11 16 12 16 12 17 11 17
17 17 18 16 19 17 18 18
20 15 21 16 20 17 19 16
21 15 21 16 20 16 20 15
17 15 18 14 19 15 18 16
17 14 18 14 18 15 17 15
12 15 13 16 12 17 11 16
13 15 13 16 12 16 12 15
16 16 17 17 16 18 15 17
20 14 21 15 20 16 19 15
19 14 20 14 20 15 19 15
23 15 22 16 21 15 22 14
14 14 15 15 14 16 13 15
16 14 17 15 16 16 15 15
18 13 19 14 18 15 17 14
19 13 19 14 18 14 18 13
13 26 10 26 10 25 13 25
14 27 13 26 14 25 15 26
13 27 13 26 14 26 14 27
14 28 13 27 14 26 15 27
15 28 14 28 14 27 15 27
13 13 18 8 19 9 14 14
12 14 11 13 12 12 13 13
13 14 12 14 12 13 13 13
14 15 13 15 13 14 14 14
15 16 14 16 14 15 15 15
16 17 15 17 15 16 16 16
17 18 16 18 16 17 17 17
18 19 17 19 17 18 18 18
19 20 18 20 18 19 19 19
20 21 19 21 19 20 20 20
21 22 20 22 20 21 21 21
11 15 12 14 13 15 12 16
11 14 12 14 12 15 11 15
20 23 19 22 20 21 21 22
19 23 19 22 20 22 20 23
18 24 17 23 18 22 19 23
19 24 18 24 18 23 19 23
18 25 17 25 17 24 18 24
18 26 18 25 19 25 19 26
18 27 17 26 18 25 19 26
17 27 17 26 18 26 18 27
16 28 15 27 16 26 17 27
17 28 16 28 16 27 17 27
16 29 15 28 16 27 17 28
15 29 15 28 16 28 16 29
21 13 19 11 22 8 24 10
15 7 16 8 15 9 14 8
23 9 22 9 22 8 23 8
16 11 16 14 14 14 14 11
12 10 13 9 14 10 13 11
12 9 13 9 13 10 12 10
11 10 12 9 13 10 12 11
11 11 11 10 12 10 12 11
25 15 26 16 24 18 23 17
22 6 26 10 23 13 19 9
9 25 11 23 12 24 10 26
26 15 23 18 22 17 25 14
26 14 26 15 25 15 25 14
16 15 13 12 14 11 17 14
17 16 16 16 16 15 17 15
18 17 17 17 17 16 18 16
19 18 18 18 18 17 19 17
20 19 19 19 19 18 20 18
21 20 20 20 20 19 21 19
22 21 21 21 21 20 22 20
23 22 22 22 22 21 23 21
22 23 21 22 22 21 23 22
21 23 21 22 22 22 22 23
24 23 23 22 24 21 25 22
23 23 23 22 24 22 24 23
23 24 22 24 22 23 23 23
24 24 24 25 23 25 23 24
20 24 19 23 20 22 21 23
21 24 20 24 20 23 21 23
21 25 21 24 22 24 22 25
20 25 19 25 19 24 20 24
21 26 20 26 20 25 21 25
25 24 24 25 23 24 24 23
25 23 25 24 24 24 24 23
24 26 23 25 24 24 25 25
25 26 24 26 24 25 25 25
22 26 21 25 22 24 23 25
23 26 22 26 22 25 23 25
20 27 19 26 20 25 21 26
19 27 19 26 20 26 20 27
22 27 21 26 22 25 23 26
21 27 21 26 22 26 22 27
24 27 23 26 24 25 25 26
23 27 23 26 24 26 24 27
18 28 17 27 18 26 19 27
19 28 18 28 18 27 19 27
20 28 19 27 20 26 21 27
21 28 20 28 20 27 21 27
22 28 21 27 22 26 23 27
23 28 22 28 22 27 23 27
18 29 17 28 18 27 19 28
17 29 17 28 18 28 18 29
20 29 19 28 20 27 21 28
19 29 19 28 20 28 20 29
22 29 21 28 22 27 23 28
21 29 21 28 22 28 22 29
16 30 15 29 16 28 17 29
17 30 16 30 16 29 17 29
18 30 17 29 18 28 19 29
19 30 18 30 18 29 19 29
20 30 19 29 20 28 21 29
21 30 20 30 20 29 21 29
18 31 17 30 18 29 19 30
17 31 17 30 18 30 18 31
20 31 19 30 20 29 21 30
19 31 19 30 20 30 20 31
18 32 17 31 18 30 19 31
19 32 18 32 18 31 19 31
17 12 14 15 13 14 16 11
18 6 22 6 22 8 18 8
9 24 8 23 10 21 11 22
9 23 9 24 8 24 8 23
10 24 10 25 9 25 9 24
7 23 8 22 9 23 8 24
7 22 8 22 8 23 7 23
11 26 10 25 12 23 13 24
18 12 17 12 17 8 18 8
17 13 18 12 19 13 18 14
25 17 23 17 23 15 25 15
9 12 9 11 11 11 11 12
18 9 16 11 15 10 17 8
26 19 25 19 25 17 26 17
27 20 26 21 25 20 26 19
27 19 27 20 26 20 26 19
26 18 27 19 26 20 25 19
21 12 22 13 20 15 19 14
22 12 22 13 21 13 21 12
24 12 24 10 26 10 26 12
21 8 22 9 18 13 17 12
27 10 23 14 22 13 26 9
27 9 27 10 26 10 26 9
19 8 22 11 21 12 18 9
