82
21 15 22 15 22 16 21 16
20 15 21 14 22 15 21 16
20 14 21 14 21 15 20 15
21 17 20 16 21 15 22 16
20 17 20 16 21 16 21 17
22 17 21 18 20 17 21 16
22 18 21 18 21 17 22 17
21 19 20 18 21 17 22 18
20 19 20 18 21 18 21 19
19 28 13 22 14 21 20 27
26 25 26 27 21 27 21 25
11 27 10 26 12 24 13 25
11 26 11 27 10 27 10 26
14 22 14 21 17 21 17 22
13 12 16 9 17 10 14 13
6 13 10 9 13 12 9 16
22 20 17 25 16 24 21 19
17 29 13 25 17 21 21 25
10 13 14 13 14 14 10 14
27 17 23 21 22 20 26 16
27 16 27 17 26 17 26 16
12 16 12 15 20 15 20 16
9 26 10 25 11 26 10 27
9 25 10 25 10 26 9 26
8 26 9 25 10 26 9 27
8 27 8 26 9 26 9 27
16 12 16 18 13 18 13 12
17 13 23 13 23 21 17 21
18 12 17 13 16 12 17 11
27 26 26 27 25 26 26 25
24 11 17 11 17 10 24 10
24 13 26 13 26 16 24 16
16 10 16 9 17 9 17 10
18 10 17 11 16 10 17 9
28 26 27 27 22 22 23 21
13 21 14 22 12 24 11 23
27 24 26 25 20 19 21 18
22 12 23 13 21 15 20 14
18 21 12 15 14 13 20 19
15 9 16 10 11 15 10 14
24 17 22 17 22 16 24 16
25 16 26 17 25 18 24 17
27 22 22 22 22 20 27 20
13 29 13 25 17 25 17 29
28 27 27 27 27 26 28 26
12 21 12 18 13 18 13 21
24 23 24 26 11 26 11 23
12 10 13 9 16 12 15 13
30 13 27 16 24 13 27 10
10 16 9 16 9 14 10 14
11 17 10 16 11 15 12 16
11 18 11 17 12 17 12 18
14 9 15 9 15 13 14 13
10 12 10 9 13 9 13 12
19 27 19 19 20 19 20 27
12 19 11 18 12 17 13 18
17 24 21 24 21 25 17 25
25 24 27 24 27 26 25 26
15 21 12 18 17 13 20 16
11 16 9 14 10 13 12 15
10 17 10 16 11 16 11 17
10 22 13 22 13 25 10 25
9 17 10 17 10 22 9 22
20 25 17 22 18 21 21 24
19 12 22 9 24 11 21 14
9 24 12 21 13 22 10 25
25 19 25 24 21 24 21 19
31 18 27 22 22 17 26 13
19 9 22 9 22 12 19 12
11 10 12 10 12 15 11 15
6 12 10 12 10 13 6 13
8 24 10 22 11 23 9 25
8 25 8 24 9 24 9 25
18 19 18 12 19 12 19 19
7 26 8 25 9 26 8 27
7 25 8 25 8 26 7 26
18 33 11 26 18 19 25 26
21 7 24 10 22 12 19 9
11 28 11 27 19 27 19 28
31 19 25 19 25 18 31 18
26 23 24 23 24 17 26 17
5 13 6 12 10 16 9 17
