157
12 21 13 21 13 22 12 22
11 21 11 20 12 20 12 21
19 19 19 18 20 18 20 19
18 17 19 17 19 18 18 18
13 15 13 16 12 16 12 15
9 16 8 16 8 15 9 15
11 14 12 13 13 14 12 15
12 17 11 16 12 15 13 16
11 17 11 16 12 16 12 17
20 17 21 18 20 19 19 18
21 17 21 18 20 18 20 17
25 22 24 23 23 22 24 21
24 22 24 21 25 21 25 22
23 23 23 22 24 22 24 23
22 27 21 26 22 25 23 26
13 20 12 21 11 20 12 19
13 19 13 20 12 20 12 19
13 17 12 16 13 15 14 16
14 17 13 17 13 16 14 16
10 15 11 16 10 17 9 16
9 14 10 13 11 14 10 15
10 14 10 15 9 15 9 14
11 13 11 14 10 14 10 13
12 12 12 13 11 13 11 12
24 12 25 13 24 14 23 13
15 10 13 10 13 9 15 9
13 13 14 12 19 17 18 18
12 14 12 13 13 13 13 14
11 15 11 14 12 14 12 15
10 16 10 15 11 15 11 16
9 17 9 16 10 16 10 17
15 22 15 19 19 19 19 22
14 22 13 23 12 22 13 21
14 23 13 23 13 22 14 22
15 23 15 24 14 24 14 23
13 24 14 23 15 24 14 25
12 24 12 23 13 23 13 24
13 25 13 24 14 24 14 25
14 21 15 22 14 23 13 22
14 20 14 21 13 21 13 20
12 25 11 24 12 23 13 24
11 25 11 24 12 24 12 25
13 26 12 26 12 25 13 25
14 26 13 25 14 24 15 25
15 26 14 26 14 25 15 25
14 27 13 26 14 25 15 26
13 27 13 26 14 26 14 27
10 10 9 11 8 10 9 9
19 15 20 15 20 17 19 17
22 18 23 19 16 26 15 25
22 11 22 10 23 10 23 11
13 18 15 18 15 19 13 19
12 18 12 17 13 17 13 18
11 18 12 17 13 18 12 19
10 18 10 17 11 17 11 18
11 19 11 18 12 18 12 19
14 19 13 18 14 17 15 18
14 18 13 19 12 18 13 17
10 20 11 19 12 20 11 21
10 19 11 19 11 20 10 20
9 20 10 19 11 20 10 21
9 21 9 20 10 20 10 21
9 18 10 17 11 18 10 19
9 19 9 18 10 18 10 19
8 20 9 19 10 20 9 21
8 19 9 19 9 20 8 20
8 18 9 17 10 18 9 19
8 17 9 17 9 18 8 18
7 18 8 17 9 18 8 19
7 19 7 18 8 18 8 19
7 16 8 15 9 16 8 17
7 17 7 16 8 16 8 17
6 18 7 17 8 18 7 19
6 17 7 17 7 18 6 18
17 12 17 11 19 11 19 12
24 18 22 18 22 15 24 15
21 11 20 10 21 9 22 10
26 21 25 21 25 13 26 13
25 18 23 20 21 18 23 16
11 22 12 21 13 22 12 23
10 22 10 21 11 21 11 22
11 23 11 22 12 22 12 23
23 14 24 15 23 16 22 15
20 16 21 17 20 18 19 17
27 23 26 24 24 22 25 21
10 24 11 23 12 24 11 25
10 23 11 23 11 24 10 24
9 22 10 21 11 22 10 23
9 23 9 22 10 22 10 23
8 22 9 21 10 22 9 23
8 21 9 21 9 22 8 22
7 20 8 19 9 20 8 21
7 21 7 20 8 20 8 21
6 20 7 19 8 20 7 21
6 19 7 19 7 20 6 20
5 18 6 17 7 18 6 19
5 19 5 18 6 18 6 19
18 13 20 15 18 17 16 15
18 11 19 12 18 13 17 12
25 12 23 10 24 9 26 11
26 20 25 21 23 19 24 18
10 25 9 24 10 23 11 24
9 25 9 24 10 24 10 25
14 11 12 13 11 12 13 10
15 12 14 12 14 11 15 11
22 24 22 25 15 25 15 24
19 26 16 23 20 19 23 22
11 9 11 8 13 8 13 9
22 12 23 13 20 16 19 15
21 12 21 11 22 11 22 12
24 13 23 14 21 12 22 11
23 12 24 12 24 13 23 13
8 12 9 11 11 13 10 14
18 14 19 15 15 19 14 18
16 11 15 12 14 11 15 10
16 10 16 11 15 11 15 10
16 12 15 11 16 10 17 11
15 15 15 12 16 12 16 15
8 24 9 23 10 24 9 25
8 23 9 23 9 24 8 24
7 22 8 21 9 22 8 23
7 23 7 22 8 22 8 23
6 22 7 21 8 22 7 23
6 21 7 21 7 22 6 22
5 20 6 19 7 20 6 21
5 21 5 20 6 20 6 21
4 20 5 19 6 20 5 21
4 19 5 19 5 20 4 20
15 20 14 21 13 20 14 19
18 23 18 26 16 26 16 23
21 22 21 26 19 26 19 22
19 9 21 9 21 11 19 11
15 14 16 15 14 17 13 16
18 10 19 9 20 10 19 11
25 14 24 13 25 12 26 13
20 20 20 19 23 19 23 20
22 22 21 22 21 18 22 18
11 11 9 11 9 9 11 9
16 19 19 22 18 23 15 20
12 10 13 9 15 11 14 12
14 7 16 9 15 10 13 8
10 12 8 12 8 10 10 10
25 9 25 12 24 12 24 9
21 23 22 22 23 23 22 24
18 29 15 26 18 23 21 26
25 27 22 27 22 25 25 25
13 12 12 12 12 10 13 10
14 13 13 13 13 12 14 12
16 13 15 14 14 13 15 12
18 9 18 10 16 10 16 9
18 20 21 23 18 26 15 23
19 29 18 29 18 26 19 26
17 19 18 18 19 19 18 20
26 10 24 12 23 11 25 9
20 23 18 23 18 20 20 20
20 21 21 22 20 23 19 22
25 15 22 18 21 17 24 14
