126
30 24 29 24 29 23 30 23
15 14 14 15 13 14 14 13
24 29 23 28 24 27 25 28
24 28 25 28 25 29 24 29
23 27 24 27 24 28 23 28
29 25 28 24 29 23 30 24
28 25 28 24 29 24 29 25
26 28 25 29 24 28 25 27
26 27 26 28 25 28 25 27
20 21 18 19 19 18 21 20
24 26 27 23 28 24 25 27
25 26 25 27 24 27 24 26
23 26 24 25 25 26 24 27
23 25 24 25 24 26 23 26
22 26 23 25 24 26 23 27
22 27 22 26 23 26 23 27
22 25 23 26 22 27 21 26
21 25 22 25 22 26 21 26
21 27 20 26 21 25 22 26
20 27 20 26 21 26 21 27
22 28 21 29 20 28 21 27
21 28 21 27 22 27 22 28
20 29 20 28 21 28 21 29
23 29 22 28 23 27 24 28
22 29 22 28 23 28 23 29
19 28 20 27 21 28 20 29
19 27 20 27 20 28 19 28
14 26 11 26 11 23 14 23
14 27 14 26 15 26 15 27
16 26 15 27 14 26 15 25
16 25 16 26 15 26 15 25
14 29 13 28 14 27 15 28
18 18 15 18 15 14 18 14
19 19 18 19 18 18 19 18
19 17 20 18 19 19 18 18
20 17 20 18 19 18 19 17
19 26 19 21 20 21 20 26
18 26 19 26 19 27 18 27
20 25 21 26 20 27 19 26
19 25 20 26 19 27 18 26
17 27 16 26 17 25 18 26
14 14 16 16 13 19 11 17
13 13 14 13 14 14 13 14
13 12 13 13 12 13 12 12
11 12 12 11 13 12 12 13
11 11 12 11 12 12 11 12
17 28 15 26 16 25 18 27
18 28 17 28 17 27 18 27
19 29 18 28 19 27 20 28
18 29 18 28 19 28 19 29
14 12 15 13 14 14 13 13
15 12 15 13 14 13 14 12
14 11 15 12 14 13 13 12
13 11 14 11 14 12 13 12
12 10 13 11 12 12 11 11
13 10 13 11 12 11 12 10
14 10 15 11 14 12 13 11
15 10 15 11 14 11 14 10
14 9 15 10 14 11 13 10
13 9 14 9 14 10 13 10
26 22 23 25 19 21 22 18
27 21 29 21 29 23 27 23
28 22 27 23 26 22 27 21
30 22 29 23 28 22 29 21
27 20 30 23 29 24 26 21
26 20 27 20 27 21 26 21
28 20 30 20 30 22 28 22
29 19 30 20 29 21 28 20
27 19 28 20 27 21 26 20
28 19 28 20 27 20 27 19
29 18 29 19 28 19 28 18
29 17 24 17 24 13 29 13
30 18 29 19 28 18 29 17
30 17 30 18 29 18 29 17
23 14 24 13 29 18 28 19
26 25 24 25 24 22 26 22
27 26 26 27 25 26 26 25
28 12 22 18 20 16 26 10
7 22 10 19 14 23 11 26
18 9 23 14 20 17 15 12
23 9 23 14 18 14 18 9
20 6 23 9 18 14 15 11
28 27 26 27 26 25 28 25
29 26 28 27 27 26 28 25
24 6 24 13 20 13 20 6
31 11 29 13 28 12 30 10
16 22 17 22 17 25 16 25
7 20 16 20 16 22 7 22
10 26 12 24 14 26 12 28
6 19 12 13 13 14 7 20
6 26 6 19 10 19 10 26
9 29 6 26 13 19 16 22
22 16 26 20 24 22 20 18
28 16 28 18 22 18 22 16
28 11 28 12 15 12 15 11
31 14 20 25 17 22 28 11
30 14 28 16 27 15 29 13
30 11 31 11 31 14 30 14
26 7 30 11 24 17 20 13
30 7 30 10 26 10 26 7
21 10 26 10 26 20 21 20
10 14 13 14 13 19 10 19
11 15 10 14 12 12 13 13
14 17 11 17 11 15 14 15
9 27 14 27 14 29 9 29
27 4 30 7 24 13 21 10
16 15 17 16 15 18 14 17
16 4 27 4 27 15 16 15
20 9 21 10 16 15 15 14
22 21 20 21 20 18 22 18
17 20 16 20 16 16 17 16
23 11 27 15 17 25 13 21
21 22 17 22 17 20 21 20
25 24 24 25 21 22 22 21
13 24 13 28 12 28 12 24
17 13 20 13 20 16 17 16
22 22 19 25 16 22 19 19
23 22 23 25 22 25 22 22
25 18 22 21 21 20 24 17
23 17 24 17 24 22 23 22
27 24 27 26 25 26 25 24
26 23 27 24 26 25 25 24
17 15 18 14 20 16 19 17
19 22 16 25 14 23 17 20
20 23 19 22 20 21 21 22
18 21 13 21 13 19 18 19
