100
14 10 15 9 16 10 15 11
15 10 14 10 14 9 15 9
16 11 15 11 15 10 16 10
17 10 19 10 19 12 17 12
16 9 17 10 16 11 15 10
15 8 16 8 16 9 15 9
17 9 17 10 16 10 16 9
16 7 17 8 16 9 15 8
17 7 17 8 16 8 16 7
14 7 15 8 14 9 13 8
18 8 17 9 16 8 17 7
18 9 17 9 17 8 18 8
18 11 17 10 18 9 19 10
18 13 17 12 18 11 19 12
22 17 19 20 18 19 21 16
21 17 21 16 22 16 22 17
22 18 22 17 23 17 23 18
21 19 20 18 21 17 22 18
24 18 23 19 22 18 23 17
24 19 23 19 23 18 24 18
10 20 22 8 25 11 13 23
10 21 9 21 9 20 10 20
8 20 9 19 10 20 9 21
8 19 9 19 9 20 8 20
10 19 11 20 10 21 9 20
11 19 11 20 10 20 10 19
18 17 21 17 21 19 18 19
17 17 17 16 18 16 18 17
16 16 17 15 18 16 17 17
16 15 17 15 17 16 16 16
16 17 15 16 16 15 17 16
15 17 15 16 16 16 16 17
16 18 16 17 17 17 17 18
20 20 19 21 16 18 17 17
20 21 19 21 19 20 20 20
22 20 21 21 20 20 21 19
22 21 21 21 21 20 22 20
22 19 23 19 23 20 22 20
20 22 17 25 16 24 19 21
21 22 20 22 20 21 21 21
20 23 19 22 20 21 21 22
19 23 19 22 20 22 20 23
11 22 16 17 17 18 12 23
9 22 10 21 11 22 10 23
24 26 20 22 21 21 25 25
25 26 24 26 24 25 25 25
19 16 22 19 21 20 18 17
12 12 16 16 15 17 11 13
19 26 18 25 20 23 21 24
19 25 19 26 18 26 18 25
15 12 12 12 12 11 15 11
16 13 15 12 16 11 17 12
16 12 16 13 15 13 15 12
15 14 16 13 17 14 16 15
14 12 15 11 16 12 15 13
17 11 22 16 21 17 16 12
18 10 17 11 16 10 17 9
13 21 12 20 15 17 16 18
12 21 13 21 13 23 12 23
11 21 11 20 12 20 12 21
10 22 10 21 11 21 11 22
9 23 9 22 10 22 10 23
8 22 9 21 10 22 9 23
8 21 9 21 9 22 8 22
7 22 8 21 9 22 8 23
7 23 7 22 8 22 8 23
7 20 8 19 9 20 8 21
7 21 7 20 8 20 8 21
6 22 7 21 8 22 7 23
6 21 7 21 7 22 6 22
25 24 24 25 21 22 22 21
12 14 15 14 15 16 12 16
11 18 8 15 12 11 15 14
19 13 19 16 18 16 18 13
10 7 14 7 14 9 10 9
12 26 10 26 10 23 12 23
11 25 11 22 17 22 17 25
11 27 10 26 11 25 12 26
27 22 26 23 23 20 24 19
6 16 9 13 12 16 9 19
25 22 25 24 21 24 21 22
26 22 25 22 25 11 26 11
27 23 26 23 26 22 27 22
25 23 22 20 23 19 26 22
21 8 22 8 22 12 21 12
10 11 8 11 8 9 10 9
9 16 10 16 10 19 9 19
6 13 9 13 9 16 6 16
12 9 10 11 8 9 10 7
23 10 21 12 19 10 21 8
21 13 19 13 19 12 21 12
20 15 19 16 17 14 18 13
25 10 26 11 21 16 20 15
23 11 23 10 25 10 25 11
19 7 23 11 22 12 18 8
23 7 23 10 19 10 19 7
16 19 11 19 11 18 16 18
18 24 16 24 16 19 18 19
20 14 20 15 17 15 17 14
17 21 19 21 19 22 17 22
