48
19 25 19 24 20 24 20 25
12 19 11 19 11 18 12 18
19 23 20 24 19 25 18 24
18 23 19 23 19 24 18 24
10 19 11 18 12 19 11 20
10 20 10 19 11 19 11 20
9 16 10 15 12 17 11 18
9 11 15 11 15 16 9 16
8 10 9 9 10 10 9 11
8 9 9 9 9 10 8 10
13 19 13 15 18 15 18 19
12 20 12 19 13 19 13 20
11 21 10 20 11 19 12 20
12 21 11 21 11 20 12 20
24 15 21 12 22 11 25 14
10 23 15 23 15 25 10 25
9 23 9 22 10 22 10 23
18 2 25 9 17 17 10 10
25 16 26 17 19 24 18 23
24 16 24 15 25 15 25 16
24 2 24 15 18 15 18 2
30 8 21 17 15 11 24 2
19 12 21 12 21 17 19 17
20 27 13 20 18 15 25 22
16 9 19 12 15 16 12 13
23 27 20 27 20 25 23 25
13 10 13 15 10 15 10 10
16 7 21 12 18 15 13 10
21 9 22 10 13 19 12 18
9 7 16 7 16 9 9 9
10 8 9 9 8 8 9 7
13 5 22 14 19 17 10 8
16 22 15 23 12 20 13 19
13 22 13 20 16 20 16 22
15 10 22 10 22 11 15 11
7 12 9 10 12 13 10 15
15 5 15 10 13 10 13 5
11 24 10 23 12 21 13 22
25 25 23 27 20 24 22 22
23 13 25 15 24 16 22 14
25 12 21 12 21 9 25 9
23 22 25 22 25 25 23 25
17 18 12 18 12 17 17 17
24 11 25 12 18 19 17 18
23 14 23 22 22 22 22 14
14 26 10 22 11 21 15 25
25 13 25 14 23 14 23 13
22 20 19 23 16 20 19 17
