427
29 26 29 27 28 27 28 26
25 28 25 27 26 27 26 28
25 22 25 23 24 23 24 22
15 24 15 23 16 23 16 24
13 22 13 23 12 23 12 22
19 19 18 19 18 18 19 18
27 16 27 17 26 17 26 16
17 18 17 17 18 17 18 18
24 14 25 14 25 15 24 15
29 12 29 13 28 13 28 12
10 12 9 12 9 11 10 11
14 10 13 10 13 9 14 9
27 11 26 12 25 11 26 10
28 11 28 12 27 12 27 11
25 16 24 17 23 16 24 15
26 15 26 16 25 16 25 15
25 19 24 20 23 19 24 18
23 21 24 20 25 21 24 22
23 23 24 22 25 23 24 24
23 24 23 23 24 23 24 24
25 25 26 24 27 25 26 26
24 25 24 24 25 24 25 25
29 25 28 26 27 25 28 24
27 27 26 28 25 27 26 26
27 26 27 27 26 27 26 26
28 25 28 26 27 26 27 25
29 24 29 25 28 25 28 24
12 26 13 27 12 28 11 27
26 21 27 22 26 23 25 22
26 22 25 22 25 21 26 21
27 23 26 23 26 22 27 22
12 21 13 22 12 23 11 22
11 21 12 21 12 22 11 22
28 28 27 27 28 26 29 27
27 28 27 27 28 27 28 28
10 20 11 21 10 22 9 21
13 21 12 22 11 21 12 20
13 20 13 21 12 21 12 20
26 29 25 28 26 27 27 28
27 29 26 29 26 28 27 28
9 19 10 18 11 19 10 20
10 19 10 20 9 20 9 19
11 18 11 19 10 19 10 18
28 30 27 29 28 28 29 29
23 15 23 16 21 16 21 15
24 16 23 15 24 14 25 15
25 17 24 17 24 16 25 16
23 17 24 16 25 17 24 18
23 18 23 17 24 17 24 18
26 18 25 17 26 16 27 17
25 18 25 17 26 17 26 18
24 19 24 18 25 18 25 19
23 20 23 19 24 19 24 20
26 19 26 18 27 18 27 19
26 20 25 19 26 18 27 19
25 20 25 19 26 19 26 20
24 21 24 20 25 20 25 21
23 22 23 21 24 21 24 22
27 21 26 22 25 21 26 20
27 20 27 21 26 21 26 20
28 19 28 20 27 20 27 19
28 21 27 20 28 19 29 20
29 21 28 21 28 20 29 20
28 22 27 22 27 21 28 21
29 23 28 24 27 23 28 22
22 21 23 20 24 21 23 22
22 20 23 20 23 21 22 21
22 22 21 21 22 20 23 21
21 22 21 21 22 21 22 22
22 23 22 22 23 22 23 23
21 23 22 22 23 23 22 24
20 22 21 22 21 23 20 23
21 24 21 23 22 23 22 24
20 24 19 23 20 22 21 23
19 24 19 23 20 23 20 24
22 25 21 24 22 23 23 24
23 25 22 25 22 24 23 24
20 25 19 24 20 23 21 24
21 25 20 25 20 24 21 24
24 26 23 25 24 24 25 25
23 26 23 25 24 25 24 26
25 26 25 27 24 27 24 26
26 25 26 26 25 26 25 25
27 24 27 25 26 25 26 24
28 23 28 24 27 24 27 23
29 22 29 23 28 23 28 22
22 26 21 25 22 24 23 25
21 26 21 25 22 25 22 26
19 26 20 25 21 26 20 27
22 27 21 26 22 25 23 26
23 27 22 27 22 26 23 26
21 27 22 26 23 27 22 28
20 26 21 26 21 27 20 27
19 25 20 25 20 26 19 26
21 28 21 27 22 27 22 28
24 28 23 27 24 26 25 27
23 28 23 27 24 27 24 28
22 29 21 28 22 27 23 28
23 29 22 29 22 28 23 28
24 29 23 28 24 27 25 28
25 29 24 29 24 28 25 28
22 30 21 29 22 28 23 29
21 30 21 29 22 29 22 30
24 30 23 29 24 28 25 29
23 30 23 29 24 29 24 30
26 30 25 29 26 28 27 29
25 30 25 29 26 29 26 30
22 31 21 30 22 29 23 30
23 31 22 31 22 30 23 30
24 31 23 30 24 29 25 30
25 31 24 31 24 30 25 30
24 32 23 31 24 30 25 31
23 32 23 31 24 31 24 32
20 14 21 15 18 18 17 17
20 15 20 14 21 14 21 15
20 17 19 16 20 15 21 16
20 13 21 14 20 15 19 14
19 13 20 13 20 14 19 14
20 19 19 18 20 17 21 18
21 13 20 14 19 13 20 12
21 12 21 13 20 13 20 12
24 13 24 14 21 14 21 13
23 14 24 13 25 14 24 15
25 12 24 13 23 12 24 11
26 11 26 12 25 12 25 11
27 10 27 11 26 11 26 10
28 10 27 10 27 9 28 9
26 13 25 12 26 11 27 12
27 13 26 13 26 12 27 12
29 10 28 11 27 10 28 9
29 11 28 11 28 10 29 10
27 14 26 15 25 14 26 13
28 14 27 14 27 13 28 13
18 15 13 10 14 9 19 14
17 16 18 15 19 16 18 17
16 17 16 16 17 16 17 17
15 17 12 20 11 19 14 16
15 16 15 17 14 17 14 16
16 18 15 17 16 16 17 17
15 18 15 17 16 17 16 18
16 15 17 16 16 17 15 16
15 15 16 15 16 16 15 16
16 19 15 18 16 17 17 18
17 19 16 19 16 18 17 18
17 15 16 16 15 15 16 14
17 14 17 15 16 15 16 14
18 16 17 16 17 15 18 15
19 17 18 17 18 16 19 16
20 18 19 18 19 17 20 17
21 19 20 19 20 18 21 18
18 20 17 19 18 18 19 19
17 20 17 19 18 19 18 20
22 18 23 19 22 20 21 19
22 19 22 18 23 18 23 19
21 20 21 19 22 19 22 20
20 20 19 19 20 18 21 19
19 20 19 19 20 19 20 20
20 21 20 20 21 20 21 21
16 21 15 20 16 19 17 20
16 22 15 22 15 21 16 21
22 17 23 18 22 19 21 18
21 17 22 17 22 18 21 18
20 16 21 16 21 17 20 17
19 15 20 15 20 16 19 16
18 14 19 14 19 15 18 15
19 21 20 20 21 21 20 22
18 21 18 20 19 20 19 21
19 22 19 21 20 21 20 22
17 22 16 23 15 22 16 21
17 23 16 23 16 22 17 22
22 15 23 16 22 17 21 16
22 16 23 17 22 18 21 17
18 23 17 22 18 21 19 22
18 22 19 22 19 23 18 23
17 21 18 21 18 22 17 22
16 20 17 20 17 21 16 21
15 19 16 19 16 20 15 20
22 13 23 14 22 15 21 14
22 14 23 15 22 16 21 15
18 24 17 23 18 22 19 23
17 24 17 23 18 23 18 24
18 25 18 24 19 24 19 25
22 11 23 12 22 13 21 12
23 11 22 11 22 10 23 10
24 12 23 12 23 11 24 11
25 13 24 13 24 12 25 12
26 14 25 14 25 13 26 13
27 15 26 15 26 14 27 14
16 25 15 24 16 23 17 24
17 25 16 25 16 24 17 24
18 26 17 26 17 25 18 25
18 27 17 26 18 25 19 26
19 27 18 27 18 26 19 26
22 9 23 10 22 11 21 10
21 9 22 9 22 10 21 10
24 10 25 11 24 12 23 11
25 10 25 11 24 11 24 10
23 13 24 12 25 13 24 14
20 28 19 27 20 26 21 27
19 28 19 27 20 27 20 28
20 29 20 28 21 28 21 29
20 8 21 9 20 10 19 9
26 9 27 10 26 11 25 10
25 9 26 9 26 10 25 10
24 9 25 10 24 11 23 10
23 9 24 9 24 10 23 10
22 12 23 13 22 14 21 13
21 11 22 11 22 12 21 12
20 11 20 10 21 10 21 11
26 8 27 9 26 10 25 9
27 8 27 9 26 9 26 8
24 8 25 9 24 10 23 9
25 8 25 9 24 9 24 8
22 8 23 9 22 10 21 9
23 8 23 9 22 9 22 8
19 11 20 10 21 11 20 12
19 12 19 11 20 11 20 12
26 7 27 8 26 9 25 8
25 7 26 7 26 8 25 8
24 7 25 8 24 9 23 8
23 7 24 7 24 8 23 8
24 6 25 7 24 8 23 7
25 6 25 7 24 7 24 6
14 20 15 19 16 20 15 21
14 21 14 20 15 20 15 21
14 22 13 22 13 21 14 21
14 23 14 22 15 22 15 23
14 19 15 20 14 21 13 20
13 19 14 19 14 20 13 20
14 18 15 18 15 19 14 19
14 24 13 23 14 22 15 23
13 24 13 23 14 23 14 24
13 18 14 17 15 18 14 19
13 17 14 17 14 18 13 18
14 25 13 24 14 23 15 24
15 25 14 25 14 24 15 24
16 26 15 25 16 24 17 25
15 26 15 25 16 25 16 26
16 27 15 26 16 25 17 26
17 27 16 27 16 26 17 26
18 28 17 27 18 26 19 27
17 28 17 27 18 27 18 28
16 29 15 28 16 27 17 28
16 28 17 28 17 29 16 29
15 27 16 27 16 28 15 28
18 29 17 28 18 27 19 28
19 29 18 29 18 28 19 28
14 26 15 27 14 28 13 27
14 27 14 26 15 26 15 27
13 28 13 27 14 27 14 28
12 29 12 28 13 28 13 29
18 30 17 29 18 28 19 29
17 30 17 29 18 29 18 30
20 30 19 29 20 28 21 29
19 30 19 29 20 29 20 30
13 25 14 24 15 25 14 26
13 26 13 25 14 25 14 26
12 27 12 26 13 26 13 27
11 28 11 27 12 27 12 28
11 29 10 29 10 28 11 28
14 29 13 28 14 27 15 28
15 29 14 29 14 28 15 28
18 31 17 30 18 29 19 30
19 31 18 31 18 30 19 30
20 31 19 30 20 29 21 30
21 31 20 31 20 30 21 30
12 30 11 29 12 28 13 29
11 30 11 29 12 29 12 30
14 30 13 29 14 28 15 29
13 30 13 29 14 29 14 30
16 30 15 29 16 28 17 29
15 30 15 29 16 29 16 30
20 32 19 31 20 30 21 31
19 32 19 31 20 31 20 32
22 32 21 31 22 30 23 31
21 32 21 31 22 31 22 32
12 31 11 30 12 29 13 30
13 31 12 31 12 30 13 30
14 31 13 30 14 29 15 30
15 31 14 31 14 30 15 30
16 31 15 30 16 29 17 30
17 31 16 31 16 30 17 30
20 33 19 32 20 31 21 32
21 33 20 33 20 32 21 32
22 33 21 32 22 31 23 32
23 33 22 33 22 32 23 32
14 32 13 31 14 30 15 31
13 32 13 31 14 31 14 32
16 32 15 31 16 30 17 31
15 32 15 31 16 31 16 32
18 32 17 31 18 30 19 31
17 32 17 31 18 31 18 32
22 34 21 33 22 32 23 33
21 34 21 33 22 33 22 34
14 33 13 32 14 31 15 32
15 33 14 33 14 32 15 32
16 33 15 32 16 31 17 32
17 33 16 33 16 32 17 32
18 33 17 32 18 31 19 32
19 33 18 33 18 32 19 32
16 34 15 33 16 32 17 33
15 34 15 33 16 33 16 34
18 34 17 33 18 32 19 33
17 34 17 33 18 33 18 34
20 34 19 33 20 32 21 33
19 34 19 33 20 33 20 34
16 35 15 34 16 33 17 34
17 35 16 35 16 34 17 34
18 35 17 34 18 33 19 34
19 35 18 35 18 34 19 34
20 35 19 34 20 33 21 34
21 35 20 35 20 34 21 34
18 36 17 35 18 34 19 35
17 36 17 35 18 35 18 36
20 36 19 35 20 34 21 35
19 36 19 35 20 35 20 36
18 37 17 36 18 35 19 36
19 37 18 37 18 36 19 36
18 11 18 14 17 14 17 11
19 10 20 11 19 12 18 11
20 9 20 10 19 10 19 9
21 8 21 9 20 9 20 8
18 10 19 10 19 11 18 11
17 10 17 9 18 9 18 10
22 7 23 8 22 9 21 8
21 7 22 7 22 8 21 8
18 12 17 11 18 10 19 11
18 8 19 9 18 10 17 9
19 8 19 9 18 9 18 8
22 6 23 7 22 8 21 7
23 6 23 7 22 7 22 6
17 13 18 12 19 13 18 14
20 7 21 8 20 9 19 8
19 7 20 7 20 8 19 8
24 5 25 6 24 7 23 6
23 5 24 5 24 6 23 6
16 12 17 13 16 14 15 13
20 6 21 7 20 8 19 7
21 6 21 7 20 7 20 6
22 5 23 6 22 7 21 6
21 5 22 5 22 6 21 6
22 4 23 5 22 6 21 5
23 4 23 5 22 5 22 4
15 9 17 11 16 12 14 10
28 17 27 18 26 17 27 16
28 18 27 18 27 17 28 17
29 19 28 20 27 19 28 18
29 18 29 19 28 19 28 18
28 16 29 17 28 18 27 17
28 15 28 16 27 16 27 15
29 16 29 17 28 17 28 16
29 15 28 16 27 15 28 14
29 14 29 15 28 15 28 14
11 12 11 10 13 10 13 12
10 13 9 12 10 11 11 12
11 13 10 13 10 12 11 12
12 13 12 14 11 14 11 13
9 13 10 12 11 13 10 14
9 14 9 13 10 13 10 14
12 11 13 12 12 13 11 12
10 15 9 14 10 13 11 14
11 15 10 15 10 14 11 14
12 9 13 10 12 11 11 10
13 14 13 12 16 12 16 14
12 15 11 14 12 13 13 14
13 15 12 15 12 14 13 14
14 14 15 15 14 16 13 15
12 16 11 15 12 14 13 15
11 16 11 15 12 15 12 16
30 13 29 14 28 13 29 12
30 14 29 14 29 13 30 13
30 25 29 26 28 25 29 24
30 26 29 26 29 25 30 25
14 15 13 14 17 10 18 11
13 16 13 15 14 15 14 16
12 17 12 16 13 16 13 17
12 19 11 18 12 17 13 18
11 20 11 19 12 19 12 20
10 21 10 20 11 20 11 21
9 22 9 21 10 21 10 22
12 18 13 18 13 19 12 19
11 17 12 17 12 18 11 18
10 23 9 22 10 21 11 22
11 23 10 23 10 22 11 22
12 24 11 23 12 22 13 23
11 24 11 23 12 23 12 24
12 25 12 24 13 24 13 25
11 25 12 24 13 25 12 26
11 26 11 25 12 25 12 26
10 25 11 24 12 25 11 26
10 24 11 24 11 25 10 25
9 23 10 22 11 23 10 24
9 24 9 23 10 23 10 24
10 27 11 26 12 27 11 28
10 26 11 26 11 27 10 27
9 27 10 26 11 27 10 28
9 28 9 27 10 27 10 28
9 25 10 24 11 25 10 26
9 26 9 25 10 25 10 26
30 15 29 16 28 15 29 14
30 16 29 16 29 15 30 15
31 15 30 16 29 15 30 14
31 14 31 15 30 15 30 14
8 27 9 26 10 27 9 28
8 26 9 26 9 27 8 27
8 25 9 24 10 25 9 26
8 24 9 24 9 25 8 25
7 25 8 24 9 25 8 26
7 26 7 25 8 25 8 26
30 23 29 24 28 23 29 22
30 24 29 24 29 23 30 23
31 25 30 26 29 25 30 24
31 24 31 25 30 25 30 24
30 17 29 18 28 17 29 16
30 18 29 18 29 17 30 17
31 17 30 18 29 17 30 16
31 16 31 17 30 17 30 16
32 15 31 16 30 15 31 14
32 16 31 16 31 15 32 15
10 9 12 9 12 11 10 11
9 10 10 9 11 10 10 11
30 12 29 13 28 12 29 11
30 11 30 12 29 12 29 11
12 8 13 9 10 12 9 11
13 8 13 9 12 9 12 8
15 11 15 13 12 13 12 11
15 10 17 10 17 11 15 11
