112
14 23 14 24 13 24 13 23
20 16 21 16 21 17 20 17
15 16 14 15 15 14 16 15
15 15 16 15 16 16 15 16
14 14 15 14 15 15 14 15
27 25 28 26 27 27 26 26
21 15 22 16 21 17 20 16
22 15 22 16 21 16 21 15
28 19 28 26 26 26 26 19
29 19 28 19 28 18 29 18
29 20 28 19 29 18 30 19
30 20 29 20 29 19 30 19
30 21 30 20 31 20 31 21
31 19 32 20 31 21 30 20
32 19 32 20 31 20 31 19
31 18 32 19 31 20 30 19
30 18 31 18 31 19 30 19
29 17 30 18 29 19 28 18
30 17 30 18 29 18 29 17
31 17 30 17 30 15 31 15
32 18 31 19 30 18 31 17
32 17 32 18 31 18 31 17
31 16 32 17 31 18 30 17
11 17 14 14 15 15 12 18
12 17 12 18 11 18 11 17
10 17 11 16 12 17 11 18
10 16 11 16 11 17 10 17
7 17 13 11 19 17 13 23
33 22 32 23 30 21 31 20
32 22 33 22 33 23 32 23
34 22 33 23 32 22 33 21
34 21 34 22 33 22 33 21
20 15 20 13 21 13 21 15
21 14 22 15 21 16 20 15
33 33 35 33 35 34 33 34
17 39 13 35 18 30 22 34
15 24 14 25 13 24 14 23
15 25 14 25 14 24 15 24
15 23 16 24 15 25 14 24
16 23 16 24 15 24 15 23
16 39 16 27 17 27 17 39
10 26 13 23 14 24 11 27
34 11 35 12 31 16 30 15
27 40 22 35 28 29 33 34
14 17 15 16 22 23 21 24
14 13 14 14 12 14 12 13
28 21 24 25 22 23 26 19
29 22 28 21 29 20 30 21
31 34 31 35 28 35 28 34
28 32 28 34 22 34 22 32
23 10 30 17 29 18 22 11
24 40 24 28 27 28 27 40
13 36 24 25 27 28 16 39
7 26 7 17 10 17 10 26
34 33 35 34 34 35 33 34
27 37 24 40 19 35 22 32
28 10 30 12 24 18 22 16
27 36 15 24 16 23 28 35
12 15 14 15 14 17 12 17
19 36 13 36 13 35 19 35
24 10 28 10 28 18 24 18
33 15 31 15 31 13 33 13
33 17 31 15 33 13 35 15
35 17 33 17 33 15 35 15
36 18 33 21 32 20 35 17
36 19 32 19 32 18 36 18
27 35 16 24 17 23 28 34
34 17 36 19 34 21 32 19
33 24 28 29 27 28 32 23
33 32 29 32 29 24 33 24
35 24 33 24 33 23 35 23
36 23 35 24 33 22 34 21
19 34 22 34 22 35 19 35
29 15 31 13 33 15 31 17
29 11 29 15 22 15 22 11
27 13 29 15 22 22 20 20
21 12 27 12 27 13 21 13
22 13 21 14 20 13 21 12
13 19 16 16 20 20 17 23
31 30 33 32 31 34 29 32
15 17 15 23 14 23 14 17
17 16 17 23 16 23 16 16
19 12 20 13 17 16 16 15
17 15 20 15 20 16 17 16
30 30 33 33 31 35 28 32
23 16 23 20 22 20 22 16
26 11 27 12 23 16 22 15
32 25 27 25 27 23 32 23
29 23 27 25 22 20 24 18
30 24 29 23 31 21 32 22
37 31 35 33 28 26 30 24
25 27 25 25 27 25 27 27
24 26 25 25 26 26 25 27
15 26 15 25 24 25 24 26
24 19 23 20 20 17 21 16
13 18 24 18 24 19 13 19
13 16 14 17 13 18 12 17
13 14 14 15 13 16 12 15
13 12 14 13 13 14 12 13
19 11 19 12 13 12 13 11
22 8 24 10 21 13 19 11
19 8 22 8 22 11 19 11
20 9 15 14 14 13 19 8
14 9 20 9 20 13 14 13
19 20 19 17 20 17 20 20
27 22 27 23 22 23 22 22
27 20 29 20 29 22 27 22
25 19 25 25 24 25 24 19
22 27 17 27 17 23 22 23
20 22 20 20 22 20 22 22
26 22 29 19 30 20 27 23
23 23 18 28 17 27 22 22
