796
38 35 38 36 37 36 37 35
37 37 36 37 36 36 37 36
38 38 37 38 37 37 38 37
33 37 32 37 32 36 33 36
16 35 16 36 15 36 15 35
26 29 26 30 25 30 25 29
34 28 35 28 35 29 34 29
38 27 38 28 37 28 37 27
38 26 39 26 39 27 38 27
20 25 20 26 19 26 19 25
17 25 18 25 18 26 17 26
36 23 36 24 35 24 35 23
37 22 37 23 36 23 36 22
33 22 33 23 32 23 32 22
31 24 31 23 32 23 32 24
35 22 35 21 36 21 36 22
21 20 21 21 20 21 20 20
25 19 26 19 26 20 25 20
16 20 15 20 15 19 16 19
17 21 16 21 16 20 17 20
23 14 23 15 22 15 22 14
30 13 30 14 29 14 29 13
21 14 21 13 22 13 22 14
20 15 20 14 21 14 21 15
22 16 21 15 22 14 23 15
21 16 21 15 22 15 22 16
15 22 14 21 15 20 16 21
15 23 14 23 14 22 15 22
15 24 15 23 16 23 16 24
17 22 16 21 17 20 18 21
18 22 17 22 17 21 18 21
37 21 36 22 35 21 36 20
37 20 37 21 36 21 36 20
38 22 37 22 37 21 38 21
21 25 20 26 19 25 20 24
21 24 21 25 20 25 20 24
36 29 35 30 34 29 35 28
36 30 35 30 35 29 36 29
29 33 30 32 31 33 30 34
29 32 29 33 28 33 28 32
30 36 29 35 30 34 31 35
29 36 29 35 30 35 30 36
35 35 36 34 37 35 36 36
35 36 35 35 36 35 36 36
23 36 24 35 25 36 24 37
32 34 33 35 32 36 31 35
32 33 32 34 31 34 31 33
28 40 27 39 28 38 29 39
28 36 29 37 28 38 27 37
28 37 28 36 29 36 29 37
27 38 27 37 28 37 28 38
26 39 26 38 27 38 27 39
39 37 38 38 37 37 38 36
39 36 39 37 38 37 38 36
15 34 16 35 15 36 14 35
16 34 15 34 15 33 16 33
14 34 15 34 15 35 14 35
35 27 34 28 33 27 34 26
36 28 35 28 35 27 36 27
37 29 36 29 36 28 37 28
37 26 38 27 37 28 36 27
38 25 38 26 37 26 37 25
36 26 37 26 37 27 36 27
19 24 20 25 19 26 18 25
20 23 20 24 19 24 19 23
18 24 19 24 19 25 18 25
16 26 15 25 16 24 17 25
34 23 35 22 36 23 35 24
34 22 35 22 35 23 34 23
34 21 34 22 33 22 33 21
25 14 24 15 23 14 24 13
26 14 25 14 25 13 26 13
20 13 21 14 20 15 19 14
19 13 20 13 20 14 19 14
20 17 19 16 20 15 21 16
23 16 22 17 21 16 22 15
24 16 23 16 23 15 24 15
24 17 24 16 25 16 25 17
23 17 22 17 22 16 23 16
23 18 23 17 24 17 24 18
23 19 22 19 22 18 23 18
31 37 30 38 29 37 30 36
32 32 33 33 32 34 31 33
33 32 33 33 32 33 32 32
40 35 39 36 38 35 39 34
17 35 16 36 15 35 16 34
17 34 17 35 16 35 16 34
13 35 14 34 15 35 14 36
13 36 13 35 14 35 14 36
38 30 37 29 38 28 39 29
38 31 38 30 39 30 39 31
35 25 36 24 37 25 36 26
17 23 18 22 19 23 18 24
16 22 17 22 17 23 16 23
15 21 16 21 16 22 15 22
14 20 15 20 15 21 14 21
33 24 32 23 33 22 34 23
34 24 33 24 33 23 34 23
34 25 34 24 35 24 35 25
33 25 32 25 32 24 33 24
33 26 33 25 34 25 34 26
34 20 35 21 34 22 33 21
35 20 35 21 34 21 34 20
26 15 25 14 26 13 27 14
27 15 26 15 26 14 27 14
20 12 21 13 20 14 19 13
21 12 21 13 20 13 20 12
21 18 20 19 19 18 20 17
21 17 22 17 22 18 21 18
20 16 21 16 21 17 20 17
19 15 20 15 20 16 19 16
18 15 18 14 19 14 19 15
24 20 23 19 24 18 25 19
25 21 24 21 24 20 25 20
32 38 31 37 32 36 33 37
31 38 31 37 32 37 32 38
37 31 38 30 39 31 38 32
37 30 37 31 36 31 36 30
38 29 38 30 37 30 37 29
39 28 39 29 38 29 38 28
37 32 37 31 38 31 38 32
13 21 14 20 15 21 14 22
13 22 13 21 14 21 14 22
17 16 18 15 19 16 18 17
17 14 18 13 19 14 18 15
17 13 18 13 18 14 17 14
23 21 24 20 25 21 24 22
23 22 23 21 24 21 24 22
27 21 26 22 25 21 26 20
36 32 35 31 36 30 37 31
35 32 35 31 36 31 36 32
34 32 35 32 35 33 34 33
40 29 39 30 38 29 39 28
40 30 39 30 39 29 40 29
40 27 39 28 38 27 39 26
40 28 39 28 39 27 40 27
12 21 13 20 14 21 13 22
12 20 13 20 13 21 12 21
18 12 19 13 18 14 17 13
19 12 19 13 18 13 18 12
16 12 17 13 16 14 15 13
28 22 27 21 28 20 29 21
28 21 28 22 27 22 27 21
29 20 29 21 28 21 28 20
37 33 36 34 35 33 36 32
36 33 36 32 37 32 37 33
35 34 35 33 36 33 36 34
34 31 35 30 36 31 35 32
33 31 34 31 34 32 33 32
34 30 35 30 35 31 34 31
34 34 33 33 34 32 35 33
33 34 33 33 34 33 34 34
32 35 32 34 33 34 33 35
31 36 31 35 32 35 32 36
30 37 30 36 31 36 31 37
29 38 29 37 30 37 30 38
28 39 28 38 29 38 29 39
27 40 27 39 28 39 28 40
34 35 34 34 35 34 35 35
34 36 33 36 33 35 34 35
41 29 40 30 39 29 40 28
41 28 41 29 40 29 40 28
20 11 21 12 20 13 19 12
19 11 20 11 20 12 19 12
38 34 37 33 38 32 39 33
38 33 38 34 37 34 37 33
39 32 39 33 38 33 38 32
39 35 38 35 38 34 39 34
40 36 39 36 39 35 40 35
33 29 34 28 35 29 34 30
33 30 33 29 34 29 34 30
30 39 29 38 30 37 31 38
31 39 30 39 30 38 31 38
34 37 33 36 34 35 35 36
35 37 34 37 34 36 35 36
40 33 39 34 38 33 39 32
40 34 39 34 39 33 40 33
40 31 39 32 38 31 39 30
40 32 39 32 39 31 40 31
32 31 33 30 34 31 33 32
32 30 33 30 33 31 32 31
33 28 34 29 33 30 32 29
34 27 34 28 33 28 33 27
35 26 35 27 34 27 34 26
36 25 36 26 35 26 35 25
37 24 37 25 36 25 36 24
32 28 33 28 33 29 32 29
30 40 29 39 30 38 31 39
29 40 29 39 30 39 30 40
32 40 31 39 32 38 33 39
34 38 33 37 34 36 35 37
33 38 33 37 34 37 34 38
32 39 32 38 33 38 33 39
31 40 31 39 32 39 32 40
35 38 35 39 34 39 34 38
36 38 35 38 35 37 36 37
41 35 40 36 39 35 40 34
41 34 41 35 40 35 40 34
41 33 40 34 39 33 40 32
41 32 41 33 40 33 40 32
41 31 40 32 39 31 40 30
41 30 41 31 40 31 40 30
31 31 32 30 33 31 32 32
31 32 31 31 32 31 32 32
30 33 30 32 31 32 31 33
29 34 29 33 30 33 30 34
32 27 33 26 34 27 33 28
31 28 31 27 32 27 32 28
32 26 33 26 33 27 32 27
38 23 37 24 36 23 37 22
39 23 38 23 38 22 39 22
38 24 37 24 37 23 38 23
31 29 32 28 33 29 32 30
31 30 31 29 32 29 32 30
28 41 27 40 28 39 29 40
29 41 28 41 28 40 29 40
34 40 33 39 34 38 35 39
33 40 33 39 34 39 34 40
30 41 29 40 30 39 31 40
31 41 30 41 30 40 31 40
36 39 35 38 36 37 37 38
37 39 36 39 36 38 37 38
42 33 41 34 40 33 41 32
42 34 41 34 41 33 42 33
42 31 41 32 40 31 41 30
42 32 41 32 41 31 42 31
42 29 41 30 40 29 41 28
42 30 41 30 41 29 42 29
30 31 31 32 30 33 29 32
29 31 30 31 30 32 29 32
30 30 31 30 31 31 30 31
28 35 27 34 28 33 29 34
28 34 29 34 29 35 28 35
27 33 28 33 28 34 27 34
31 25 32 24 33 25 32 26
30 25 30 24 31 24 31 25
31 26 31 25 32 25 32 26
39 25 38 26 37 25 38 24
39 24 39 25 38 25 38 24
30 29 31 28 32 29 31 30
29 30 29 29 30 29 30 30
30 28 31 28 31 29 30 29
32 41 31 40 32 39 33 40
33 41 32 41 32 40 33 40
30 42 29 41 30 40 31 41
29 42 29 41 30 41 30 42
36 40 35 39 36 38 37 39
35 40 35 39 36 39 36 40
43 33 42 34 41 33 42 32
43 32 43 33 42 33 42 32
43 31 42 32 41 31 42 30
43 30 43 31 42 31 42 30
27 36 28 35 29 36 28 37
27 35 28 35 28 36 27 36
26 34 27 34 27 35 26 35
30 27 31 26 32 27 31 28
29 28 29 27 30 27 30 28
28 28 29 28 29 29 28 29
30 26 31 26 31 27 30 27
40 25 39 26 38 25 39 24
40 26 39 26 39 25 40 25
40 23 39 24 38 23 39 22
40 24 39 24 39 23 40 23
32 42 31 41 32 40 33 41
31 42 31 41 32 41 32 42
34 41 33 40 34 39 35 40
35 41 34 41 34 40 35 40
44 31 43 32 42 31 43 30
44 32 43 32 43 31 44 31
26 37 25 36 26 35 27 36
26 36 27 36 27 37 26 37
25 35 26 35 26 36 25 36
25 34 25 35 24 35 24 34
25 33 26 32 27 33 26 34
26 33 26 34 25 34 25 33
27 32 27 33 26 33 26 32
29 25 30 24 31 25 30 26
29 26 29 25 30 25 30 26
41 27 40 28 39 27 40 26
41 26 41 27 40 27 40 26
41 25 40 26 39 25 40 24
41 24 41 25 40 25 40 24
30 43 29 42 30 41 31 42
31 43 30 43 30 42 31 42
34 42 33 41 34 40 35 41
33 42 33 41 34 41 34 42
25 38 26 37 27 38 26 39
25 37 26 37 26 38 25 38
24 36 25 36 25 37 24 37
23 35 24 35 24 36 23 36
22 34 23 34 23 35 22 35
24 33 25 34 24 35 23 34
23 33 24 33 24 34 23 34
24 32 25 32 25 33 24 33
28 31 29 32 28 33 27 32
27 31 28 31 28 32 27 32
28 30 29 30 29 31 28 31
26 31 27 32 26 33 25 32
27 30 27 31 26 31 26 30
27 29 28 29 28 30 27 30
26 28 27 28 27 29 26 29
25 31 26 31 26 32 25 32
28 27 29 26 30 27 29 28
27 27 28 27 28 28 27 28
28 26 29 26 29 27 28 27
29 24 30 25 29 26 28 25
30 23 30 24 29 24 29 23
31 22 31 23 30 23 30 22
28 24 29 24 29 25 28 25
42 27 41 28 40 27 41 26
42 28 41 28 41 27 42 27
42 25 41 26 40 25 41 24
42 26 41 26 41 25 42 25
32 43 31 42 32 41 33 42
33 43 32 43 32 42 33 42
23 38 24 37 25 38 24 39
24 38 23 38 23 37 24 37
25 39 24 39 24 38 25 38
27 25 28 24 29 25 28 26
27 26 27 25 28 25 28 26
26 27 26 26 27 26 27 27
25 28 25 27 26 27 26 28
27 23 28 22 29 23 28 24
26 23 26 22 27 22 27 23
28 23 28 24 27 24 27 23
29 22 29 23 28 23 28 22
30 21 30 22 29 22 29 21
43 29 42 30 41 29 42 28
43 28 43 29 42 29 42 28
43 27 42 28 41 27 42 26
43 26 43 27 42 27 42 26
32 44 31 43 32 42 33 43
31 44 31 43 32 43 32 44
26 40 25 39 26 38 27 39
25 40 25 39 26 39 26 40
26 24 27 25 26 26 25 25
26 25 26 24 27 24 27 25
25 26 25 25 26 25 26 26
24 27 24 26 25 26 25 27
30 19 31 20 30 21 29 20
44 29 43 30 42 29 43 28
44 30 43 30 43 29 44 29
44 27 43 28 42 27 43 26
44 28 43 28 43 27 44 27
26 41 25 40 26 39 27 40
27 41 26 41 26 40 27 40
25 23 26 22 27 23 26 24
25 24 25 23 26 23 26 24
24 24 25 24 25 25 24 25
45 31 44 32 43 31 44 30
45 30 45 31 44 31 44 30
45 29 44 30 43 29 44 28
45 28 45 29 44 29 44 28
28 42 27 41 28 40 29 41
27 42 27 41 28 41 28 42
23 25 24 24 25 25 24 26
23 26 23 25 24 25 24 26
23 23 24 22 25 23 24 24
46 29 45 30 44 29 45 28
46 30 45 30 45 29 46 29
28 43 27 42 28 41 29 42
29 43 28 43 28 42 29 42
22 26 21 25 22 24 23 25
23 27 22 27 22 26 23 26
23 28 22 27 23 26 24 27
24 28 23 28 23 27 24 27
24 29 24 28 25 28 25 29
30 44 29 43 30 42 31 43
29 44 29 43 30 43 30 44
30 45 29 44 30 43 31 44
31 45 30 45 30 44 31 44
20 22 23 22 23 23 20 23
21 23 20 24 19 23 20 22
19 21 20 20 21 21 20 22
19 22 19 21 20 21 20 22
18 23 18 22 19 22 19 23
17 24 17 23 18 23 18 24
16 25 16 24 17 24 17 25
15 26 15 25 16 25 16 26
22 22 23 23 22 24 21 23
18 20 19 21 18 22 17 21
19 20 19 21 18 21 18 20
19 19 20 19 20 20 19 20
18 19 18 18 19 18 19 19
17 19 18 19 18 20 17 20
14 25 15 24 16 25 15 26
14 24 15 24 15 25 14 25
22 20 23 21 22 22 21 21
21 19 22 19 22 20 21 20
20 18 21 18 21 19 20 19
19 17 20 17 20 18 19 18
18 16 19 16 19 17 18 17
17 15 18 15 18 16 17 16
16 15 16 14 17 14 17 15
17 18 18 19 17 20 16 19
16 18 17 18 17 19 16 19
17 17 18 17 18 18 17 18
14 26 13 25 14 24 15 25
13 26 13 25 14 25 14 26
14 27 14 26 15 26 15 27
13 23 14 22 15 23 14 24
13 24 13 23 14 23 14 24
16 16 15 15 16 14 17 15
15 16 15 15 16 15 16 16
16 17 16 16 17 16 17 17
14 28 13 27 14 26 15 27
13 28 13 27 14 27 14 28
15 28 15 29 14 29 14 28
12 25 13 24 14 25 13 26
12 24 13 24 13 25 12 25
12 23 13 22 14 23 13 24
12 22 13 22 13 23 12 23
15 17 16 16 17 17 16 18
15 18 15 17 16 17 16 18
12 27 13 26 14 27 13 28
12 26 13 26 13 27 12 27
16 27 15 28 14 27 15 26
17 27 16 27 16 26 17 26
16 28 15 28 15 27 16 27
11 23 12 22 13 23 12 24
11 24 11 23 12 23 12 24
11 21 12 20 13 21 12 22
11 22 11 21 12 21 12 22
14 19 15 18 16 19 15 20
13 19 14 19 14 20 13 20
14 18 15 18 15 19 14 19
14 17 15 16 16 17 15 18
14 16 15 16 15 17 14 17
11 25 12 24 13 25 12 26
11 26 11 25 12 25 12 26
18 27 17 28 16 27 17 26
19 27 18 27 18 26 19 26
18 28 17 28 17 27 18 27
10 23 11 22 12 23 11 24
10 22 11 22 11 23 10 23
13 17 14 16 15 17 14 18
13 18 13 17 14 17 14 18
13 15 14 14 15 15 14 16
10 25 11 24 12 25 11 26
10 24 11 24 11 25 10 25
19 28 18 27 19 26 20 27
20 28 19 28 19 27 20 27
12 19 13 18 14 19 13 20
12 18 13 18 13 19 12 19
9 23 10 22 11 23 10 24
9 24 9 23 10 23 10 24
21 27 20 28 19 27 20 26
21 26 21 27 20 27 20 26
22 25 22 26 21 26 21 25
23 24 23 25 22 25 22 24
24 23 24 24 23 24 23 23
25 22 25 23 24 23 24 22
26 21 26 22 25 22 25 21
27 20 27 21 26 21 26 20
11 19 12 18 13 19 12 20
11 20 11 19 12 19 12 20
22 28 21 27 22 26 23 27
21 28 21 27 22 27 22 28
21 29 20 29 20 28 21 28
28 19 29 20 28 21 27 20
27 19 28 19 28 20 27 20
26 18 27 18 27 19 26 19
10 21 11 20 12 21 11 22
10 20 11 20 11 21 10 21
19 29 20 28 21 29 20 30
18 29 18 28 19 28 19 29
19 30 19 29 20 29 20 30
28 17 29 18 28 19 27 18
28 18 27 18 27 17 28 17
29 19 28 19 28 18 29 18
30 20 29 20 29 19 30 19
31 21 30 21 30 20 31 20
32 21 32 22 31 22 31 21
26 16 27 17 26 18 25 17
25 15 26 15 26 16 25 16
24 14 25 14 25 15 24 15
23 13 24 13 24 14 23 14
9 21 10 20 11 21 10 22
9 22 9 21 10 21 10 22
17 29 18 28 19 29 18 30
16 29 16 28 17 28 17 29
17 30 17 29 18 29 18 30
32 20 33 21 32 22 31 21
33 20 33 21 32 21 32 20
24 12 25 13 24 14 23 13
25 12 25 13 24 13 24 12
22 12 23 13 22 14 21 13
23 12 23 13 22 13 22 12
8 23 9 22 10 23 9 24
8 22 9 22 9 23 8 23
16 30 15 29 16 28 17 29
15 30 15 29 16 29 16 30
24 11 25 12 24 13 23 12
23 11 24 11 24 12 23 12
22 11 23 12 22 13 21 12
21 11 22 11 22 12 21 12
22 10 23 11 22 12 21 11
23 10 23 11 22 11 22 10
20 10 21 11 20 12 19 11
21 10 21 11 20 11 20 10
22 9 23 10 22 11 21 10
21 9 22 9 22 10 21 10
22 36 17 36 17 35 22 35
22 37 22 36 23 36 23 37
21 37 22 36 23 37 22 38
21 38 21 37 22 37 22 38
21 35 22 34 23 35 22 36
21 36 22 35 23 36 22 37
22 39 21 38 22 37 23 38
23 39 22 39 22 38 23 38
22 40 21 39 22 38 23 39
21 40 21 39 22 39 22 40
24 40 23 39 24 38 25 39
23 40 23 39 24 39 24 40
22 41 21 40 22 39 23 40
23 41 22 41 22 40 23 40
24 41 23 40 24 39 25 40
25 41 24 41 24 40 25 40
24 42 23 41 24 40 25 41
23 42 23 41 24 41 24 42
26 42 25 41 26 40 27 41
25 42 25 41 26 41 26 42
24 43 23 42 24 41 25 42
25 43 24 43 24 42 25 42
26 43 25 42 26 41 27 42
27 43 26 43 26 42 27 42
26 44 25 43 26 42 27 43
25 44 25 43 26 43 26 44
28 44 27 43 28 42 29 43
27 44 27 43 28 43 28 44
26 45 25 44 26 43 27 44
27 45 26 45 26 44 27 44
28 45 27 44 28 43 29 44
29 45 28 45 28 44 29 44
28 46 27 45 28 44 29 45
27 46 27 45 28 45 28 46
30 46 29 45 30 44 31 45
29 46 29 45 30 45 30 46
28 47 27 46 28 45 29 46
29 47 28 47 28 46 29 46
32 19 33 20 32 21 31 20
31 19 32 19 32 20 31 20
30 18 31 19 30 20 29 19
31 18 31 19 30 19 30 18
33 19 32 20 31 19 32 18
33 18 33 19 32 19 32 18
34 19 34 20 33 20 33 19
30 17 31 18 30 19 29 18
29 17 30 17 30 18 29 18
28 16 29 16 29 17 28 17
32 17 33 18 32 19 31 18
31 17 32 17 32 18 31 18
30 16 31 17 30 18 29 17
31 16 31 17 30 17 30 16
32 15 33 16 32 17 31 16
30 15 31 16 30 17 29 16
29 15 30 15 30 16 29 16
31 14 30 15 29 14 30 13
31 15 30 15 30 14 31 14
32 16 31 16 31 15 32 15
33 17 32 17 32 16 33 16
28 14 29 15 28 16 27 15
28 15 28 14 29 14 29 15
27 16 27 15 28 15 28 16
26 17 26 16 27 16 27 17
25 18 25 17 26 17 26 18
24 19 24 18 25 18 25 19
23 20 23 19 24 19 24 20
22 21 22 20 23 20 23 21
28 13 29 14 28 15 27 14
27 13 28 13 28 14 27 14
28 12 29 13 28 14 27 13
29 12 29 13 28 13 28 12
26 12 27 13 26 14 25 13
27 12 27 13 26 13 26 12
28 11 29 12 28 13 27 12
27 11 28 11 28 12 27 12
26 11 27 12 26 13 25 12
25 11 26 11 26 12 25 12
26 10 27 11 26 12 25 11
27 10 27 11 26 11 26 10
24 10 25 11 24 12 23 11
25 10 25 11 24 11 24 10
26 9 27 10 26 11 25 10
25 9 26 9 26 10 25 10
24 9 25 10 24 11 23 10
23 9 24 9 24 10 23 10
24 8 25 9 24 10 23 9
25 8 25 9 24 9 24 8
22 8 23 9 22 10 21 9
23 8 23 9 22 9 22 8
24 7 25 8 24 9 23 8
23 7 24 7 24 8 23 8
36 19 37 20 36 21 35 20
35 19 36 19 36 20 35 20
34 18 35 19 34 20 33 19
34 17 34 18 33 18 33 17
35 18 35 19 34 19 34 18
34 16 35 17 34 18 33 17
35 16 35 17 34 17 34 16
34 15 35 16 34 17 33 16
33 15 34 15 34 16 33 16
32 14 33 15 32 16 31 15
33 14 33 15 32 15 32 14
32 13 33 14 32 15 31 14
31 13 32 13 32 14 31 14
30 12 31 13 30 14 29 13
31 12 31 13 30 13 30 12
30 11 31 12 30 13 29 12
29 11 30 11 30 12 29 12
28 10 29 11 28 12 27 11
29 10 29 11 28 11 28 10
28 9 29 10 28 11 27 10
27 9 28 9 28 10 27 10
26 8 27 9 26 10 25 9
27 8 27 9 26 9 26 8
26 7 27 8 26 9 25 8
25 7 26 7 26 8 25 8
24 6 25 7 24 8 23 7
25 6 25 7 24 7 24 6
21 22 20 23 19 22 20 21
39 38 38 39 37 38 38 37
39 39 38 39 38 38 39 38
38 40 37 39 38 38 39 39
37 40 37 39 38 39 38 40
36 41 35 40 36 39 37 40
37 41 36 41 36 40 37 40
36 42 35 41 36 40 37 41
35 42 35 41 36 41 36 42
34 43 33 42 34 41 35 42
35 43 34 43 34 42 35 42
34 44 33 43 34 42 35 43
33 44 33 43 34 43 34 44
32 45 31 44 32 43 33 44
33 45 32 45 32 44 33 44
32 46 31 45 32 44 33 45
31 46 31 45 32 45 32 46
30 47 29 46 30 45 31 46
31 47 30 47 30 46 31 46
30 48 29 47 30 46 31 47
29 48 29 47 30 47 30 48
18 32 18 30 19 30 19 32
19 31 20 30 23 33 22 34
17 31 18 30 19 31 18 32
16 31 16 30 17 30 17 31
18 33 16 31 17 30 19 32
17 33 18 33 18 34 17 34
16 32 17 33 16 34 15 33
17 32 17 33 16 33 16 32
19 33 18 34 17 33 18 32
15 31 16 30 17 31 16 32
15 32 15 31 16 31 16 32
14 33 15 32 16 33 15 34
14 32 15 32 15 33 14 33
14 31 15 30 16 31 15 32
14 30 15 30 15 31 14 31
13 33 14 32 15 33 14 34
13 34 13 33 14 33 14 34
13 31 14 30 15 31 14 32
13 32 13 31 14 31 14 32
13 29 14 28 15 29 14 30
13 30 13 29 14 29 14 30
12 35 13 34 14 35 13 36
12 34 13 34 13 35 12 35
12 33 13 32 14 33 13 34
12 32 13 32 13 33 12 33
12 31 13 30 14 31 13 32
12 30 13 30 13 31 12 31
12 29 13 28 14 29 13 30
12 28 13 28 13 29 12 29
11 33 12 32 13 33 12 34
11 34 11 33 12 33 12 34
11 31 12 30 13 31 12 32
11 32 11 31 12 31 12 32
11 29 12 28 13 29 12 30
11 30 11 29 12 29 12 30
11 27 12 26 13 27 12 28
11 28 11 27 12 27 12 28
10 33 11 32 12 33 11 34
10 32 11 32 11 33 10 33
10 31 11 30 12 31 11 32
10 30 11 30 11 31 10 31
10 29 11 28 12 29 11 30
10 28 11 28 11 29 10 29
10 27 11 26 12 27 11 28
10 26 11 26 11 27 10 27
9 31 10 30 11 31 10 32
9 32 9 31 10 31 10 32
9 29 10 28 11 29 10 30
9 30 9 29 10 29 10 30
9 27 10 26 11 27 10 28
9 28 9 27 10 27 10 28
9 25 10 24 11 25 10 26
9 26 9 25 10 25 10 26
8 31 9 30 10 31 9 32
8 30 9 30 9 31 8 31
8 29 9 28 10 29 9 30
8 28 9 28 9 29 8 29
8 27 9 26 10 27 9 28
8 26 9 26 9 27 8 27
8 25 9 24 10 25 9 26
8 24 9 24 9 25 8 25
7 29 8 28 9 29 8 30
7 30 7 29 8 29 8 30
7 27 8 26 9 27 8 28
7 28 7 27 8 27 8 28
7 25 8 24 9 25 8 26
7 26 7 25 8 25 8 26
7 23 8 22 9 23 8 24
7 24 7 23 8 23 8 24
6 29 7 28 8 29 7 30
6 28 7 28 7 29 6 29
6 27 7 26 8 27 7 28
6 26 7 26 7 27 6 27
6 25 7 24 8 25 7 26
6 24 7 24 7 25 6 25
5 27 6 26 7 27 6 28
5 28 5 27 6 27 6 28
5 25 6 24 7 25 6 26
5 26 5 25 6 25 6 26
4 27 5 26 6 27 5 28
4 26 5 26 5 27 4 27
20 34 19 33 24 28 25 29
20 37 17 34 18 33 21 36
20 39 19 38 20 37 21 38
20 38 21 38 21 39 20 39
19 37 20 37 20 38 19 38
20 36 21 37 20 38 19 37
19 35 20 34 21 35 20 36
18 36 17 35 18 34 19 35
17 37 18 36 19 37 18 38
16 37 16 36 17 36 17 37
17 38 17 37 18 37 18 38
18 39 17 38 18 37 19 38
19 39 18 39 18 38 19 38
20 40 19 39 20 38 21 39
19 40 19 39 20 39 20 40
20 41 19 40 20 39 21 40
21 41 20 41 20 40 21 40
22 42 21 41 22 40 23 41
21 42 21 41 22 41 22 42
22 43 21 42 22 41 23 42
23 43 22 43 22 42 23 42
24 44 23 43 24 42 25 43
23 44 23 43 24 43 24 44
24 45 23 44 24 43 25 44
25 45 24 45 24 44 25 44
26 46 25 45 26 44 27 45
25 46 25 45 26 45 26 46
26 47 25 46 26 45 27 46
27 47 26 47 26 46 27 46
28 48 27 47 28 46 29 47
27 48 27 47 28 47 28 48
28 49 27 48 28 47 29 48
29 49 28 49 28 48 29 48
40 16 36 20 35 19 39 15
40 15 40 16 39 16 39 15
38 15 39 14 40 15 39 16
38 14 39 14 39 15 38 15
38 20 37 20 37 15 38 15
39 21 38 22 37 21 38 20
39 20 39 21 38 21 38 20
40 21 39 22 38 21 39 20
40 22 39 22 39 21 40 21
41 23 40 24 39 23 40 22
41 22 41 23 40 23 40 22
42 23 41 24 40 23 41 22
42 24 41 24 41 23 42 23
43 25 42 26 41 25 42 24
43 24 43 25 42 25 42 24
44 25 43 26 42 25 43 24
44 26 43 26 43 25 44 25
45 27 44 28 43 27 44 26
45 26 45 27 44 27 44 26
46 27 45 28 44 27 45 26
46 28 45 28 45 27 46 27
47 29 46 30 45 29 46 28
47 28 47 29 46 29 46 28
22 33 22 28 23 28 23 33
21 34 22 33 23 34 22 35
21 33 22 33 22 34 21 34
21 32 24 29 25 30 22 33
13 13 15 13 15 15 13 15
14 12 15 13 14 14 13 13
40 18 38 20 35 17 37 15
20 33 21 34 18 37 17 36
19 34 19 33 20 33 20 34
20 32 21 32 21 33 20 33
20 31 21 32 20 33 19 32
40 17 40 18 35 18 35 17
21 30 20 31 19 30 20 29
21 31 20 31 20 30 21 30
22 29 25 32 24 33 21 30
24 31 24 32 21 32 21 31
24 30 25 30 25 31 24 31
22 23 23 24 22 25 21 24
