116
22 21 22 22 21 22 21 21
23 21 22 21 22 20 23 20
21 23 20 23 20 22 21 22
19 22 19 21 20 21 20 22
21 20 21 19 22 19 22 20
20 20 21 20 21 21 20 21
10 18 11 18 11 19 10 19
22 17 22 16 23 16 23 17
19 14 19 13 20 13 20 14
15 12 14 11 15 10 16 11
14 12 15 12 15 13 14 13
13 11 14 11 14 12 13 12
13 10 14 11 13 12 12 11
12 10 13 10 13 11 12 11
20 12 21 13 20 14 19 13
21 12 21 13 20 13 20 12
9 20 8 19 9 18 10 19
19 19 20 18 21 19 20 20
13 13 14 12 15 13 14 14
12 13 12 12 13 12 13 13
13 14 13 13 14 13 14 14
11 11 12 10 13 11 12 12
11 12 11 11 12 11 12 12
12 14 11 13 12 12 13 13
11 14 11 13 12 13 12 14
11 10 12 11 11 12 10 11
10 10 11 10 11 11 10 11
10 13 11 12 12 13 11 14
10 12 11 12 11 13 10 13
10 14 9 13 10 12 11 13
9 14 9 13 10 13 10 14
9 15 8 15 8 14 9 14
9 11 10 10 11 11 10 12
9 12 9 11 10 11 10 12
8 16 7 15 8 14 9 15
7 16 7 15 8 15 8 16
8 13 9 12 10 13 9 14
8 12 9 12 9 13 8 13
9 10 10 11 9 12 8 11
8 10 9 10 9 11 8 11
7 13 8 12 9 13 8 14
7 14 7 13 8 13 8 14
7 11 8 10 9 11 8 12
7 12 7 11 8 11 8 12
6 15 7 14 8 15 7 16
6 14 7 14 7 15 6 15
6 13 7 12 8 13 7 14
6 12 7 12 7 13 6 13
5 13 6 12 7 13 6 14
5 14 5 13 6 13 6 14
11 17 9 15 10 14 12 16
9 16 11 14 13 16 11 18
12 18 11 19 10 18 11 17
12 17 12 18 11 18 11 17
13 17 12 17 12 16 13 16
22 15 20 13 21 12 23 14
21 16 22 15 23 16 22 17
21 15 22 15 22 16 21 16
13 19 12 18 13 17 14 18
13 20 13 19 14 19 14 20
16 18 14 18 14 14 16 14
10 21 8 21 8 19 10 19
9 22 8 21 9 20 10 21
10 17 10 14 11 14 11 17
9 17 10 17 10 18 9 18
8 17 8 16 9 16 9 17
19 16 21 16 21 19 19 19
18 9 19 10 17 12 16 11
17 10 17 12 15 12 15 10
18 10 17 10 17 9 18 9
16 21 14 19 19 14 21 16
22 11 21 12 19 10 20 9
21 11 22 11 22 12 21 12
22 10 23 11 22 12 21 11
23 10 23 11 22 11 22 10
24 11 23 12 22 11 23 10
24 12 23 12 23 11 24 11
25 13 22 16 21 15 24 12
12 21 10 19 11 18 13 20
19 11 16 14 15 13 18 10
18 11 18 10 19 10 19 11
20 10 21 11 20 12 19 11
19 9 20 9 20 10 19 10
18 8 19 9 18 10 17 9
19 8 19 9 18 9 18 8
21 9 20 10 19 9 20 8
21 8 21 9 20 9 20 8
12 23 10 21 17 14 19 16
20 7 21 8 20 9 19 8
19 7 20 7 20 8 19 8
15 21 14 20 16 18 17 19
15 15 13 17 12 16 14 14
10 8 10 10 9 10 9 8
12 22 11 21 13 19 14 20
11 22 11 21 12 21 12 22
14 8 16 8 16 11 14 11
26 15 22 19 19 16 23 12
17 16 17 14 19 14 19 16
22 14 22 12 23 12 23 14
19 23 12 23 12 22 19 22
20 24 19 23 20 22 21 23
19 24 19 23 20 23 20 24
18 23 19 22 20 23 19 24
16 20 16 18 20 18 20 20
15 20 16 20 16 21 15 21
14 15 20 21 19 22 13 16
15 14 14 15 13 14 14 13
9 23 9 22 11 22 11 23
7 9 9 7 10 8 8 10
12 15 12 16 9 16 9 15
13 15 12 15 12 14 13 14
12 6 14 8 12 10 10 8
11 6 12 6 12 10 11 10
17 21 17 19 19 19 19 21
13 8 11 10 9 8 11 6
24 18 22 20 21 19 23 17
