70
19 34 20 33 21 34 20 35
25 22 25 18 27 18 27 22
26 23 25 22 26 21 27 22
25 23 26 23 26 24 25 24
24 22 25 22 25 23 24 23
24 24 23 23 24 22 25 23
23 24 23 23 24 23 24 24
24 25 23 24 24 23 25 24
25 25 24 25 24 24 25 24
34 27 25 27 25 25 34 25
33 26 34 25 35 26 34 27
18 32 17 31 24 24 25 25
17 32 17 31 18 31 18 32
18 33 17 32 18 31 19 32
19 33 18 33 18 32 19 32
20 34 19 34 19 33 20 33
21 35 20 35 20 34 21 34
28 45 21 38 30 29 37 36
6 27 16 17 23 24 13 34
35 39 33 39 33 26 35 26
40 38 39 39 25 25 26 24
48 26 35 39 26 30 39 17
19 13 39 33 33 39 13 19
48 22 48 26 35 26 35 22
26 14 29 14 29 21 26 21
20 13 20 16 19 16 19 13
18 21 19 21 19 26 18 26
24 9 29 14 25 18 20 13
18 9 24 9 24 15 18 15
28 16 21 23 19 21 26 14
38 45 28 45 28 16 38 16
29 22 30 23 20 33 19 32
30 21 30 22 29 22 29 21
16 11 18 9 24 15 22 17
27 34 26 34 26 30 27 30
41 42 38 45 27 34 30 31
19 17 22 17 22 21 19 21
40 34 40 38 27 38 27 34
34 11 37 14 30 21 27 18
16 12 20 16 19 17 15 13
17 17 17 28 16 28 16 17
34 12 16 12 16 11 34 11
17 16 19 16 19 17 17 17
18 17 17 16 18 15 19 16
33 21 35 19 39 23 37 25
33 13 33 21 30 21 30 13
37 17 33 13 34 12 38 16
39 14 39 17 37 17 37 14
38 13 39 14 38 15 37 14
25 36 17 28 19 26 27 34
24 27 25 27 25 36 24 36
6 25 24 25 24 27 6 27
34 17 37 17 37 25 34 25
22 30 18 26 21 23 25 27
23 31 20 34 19 33 22 30
7 24 21 38 20 39 6 25
30 33 23 33 23 31 30 31
22 35 27 30 30 33 25 38
22 38 21 38 21 35 22 35
14 30 16 28 24 36 22 38
31 28 30 29 25 24 26 23
7 30 7 24 14 24 14 30
37 28 37 36 31 36 31 28
28 37 37 28 39 30 30 39
17 21 26 30 23 33 14 24
23 20 25 22 24 23 22 21
21 20 23 20 23 23 21 23
28 20 29 21 26 24 25 23
30 30 30 29 39 29 39 30
29 30 27 30 27 22 29 22
