76
16 21 16 22 15 22 15 21
21 20 21 21 20 21 20 20
16 20 15 20 15 19 16 19
22 20 21 21 20 20 21 19
22 19 22 20 21 20 21 19
15 23 14 22 15 21 16 22
14 23 14 22 15 22 15 23
17 20 16 21 15 20 16 19
17 21 16 21 16 20 17 20
14 20 15 19 16 20 15 21
14 21 14 20 15 20 15 21
13 22 14 21 15 22 14 23
13 21 14 21 14 22 13 22
14 19 15 20 14 21 13 20
13 19 14 19 14 20 13 20
12 20 13 19 14 20 13 21
12 21 12 20 13 20 13 21
10 20 8 20 8 15 10 15
11 21 10 20 11 19 12 20
11 20 11 21 10 21 10 20
12 19 12 20 11 20 11 19
11 22 10 21 11 20 12 21
12 22 11 22 11 21 12 21
13 23 12 22 13 21 14 22
12 23 12 22 13 22 13 23
21 18 18 15 20 13 23 16
20 19 20 18 21 18 21 19
19 20 20 19 21 20 20 21
19 19 20 19 20 20 19 20
19 11 20 12 16 16 15 15
20 11 20 12 19 12 19 11
21 10 21 11 20 11 20 10
21 12 20 13 19 12 20 11
21 13 20 13 20 12 21 12
22 12 21 13 20 12 21 11
22 11 22 12 21 12 21 11
8 13 12 9 14 11 10 15
10 11 12 11 12 15 10 15
8 8 10 8 10 11 8 11
6 10 8 8 15 15 13 17
18 24 16 22 17 21 19 23
6 14 6 10 17 10 17 14
20 9 20 10 17 10 17 9
19 10 20 9 21 10 20 11
9 25 8 24 11 21 12 22
13 18 17 14 18 15 14 19
12 18 13 18 13 19 12 19
14 18 13 19 12 18 13 17
14 17 14 18 13 18 13 17
15 18 15 19 14 19 14 18
18 8 20 10 19 11 17 9
5 13 10 8 11 9 6 14
7 16 8 15 12 19 11 20
18 18 15 18 15 15 18 15
19 17 20 18 19 19 18 18
5 15 5 13 8 13 8 15
17 17 15 19 14 18 16 16
17 19 17 17 19 17 19 19
18 20 17 21 16 20 17 19
19 21 18 20 19 19 20 20
18 21 18 20 19 20 19 21
18 19 19 20 18 21 17 20
12 8 20 16 19 17 11 9
11 8 12 8 12 9 11 9
16 13 20 13 20 16 16 16
13 16 12 15 15 12 16 13
7 17 7 16 13 16 13 17
18 11 19 12 17 14 16 13
18 9 19 10 18 11 17 10
17 24 17 21 18 21 18 24
18 23 17 24 15 22 16 21
14 9 14 11 12 11 12 9
8 16 7 17 5 15 6 14
20 23 19 23 19 21 20 21
9 15 12 18 11 19 8 16
16 9 17 10 15 12 14 11
