155
23 18 22 19 21 18 22 17
15 17 14 18 13 17 14 16
14 14 15 15 14 16 13 15
12 16 11 15 12 14 13 15
12 18 11 17 12 16 13 17
12 20 11 19 12 18 13 19
20 11 21 12 20 13 19 12
10 13 9 13 9 12 10 12
12 10 12 11 11 11 11 10
12 12 11 11 12 10 13 11
13 12 12 12 12 11 13 11
11 12 12 11 13 12 12 13
10 11 11 11 11 12 10 12
11 13 11 12 12 12 12 13
13 13 12 14 11 13 12 12
13 14 12 14 12 13 13 13
14 15 13 15 13 14 14 14
15 16 14 16 14 15 15 15
14 12 15 13 14 14 13 13
15 11 14 12 13 11 14 10
14 13 13 13 13 12 14 12
15 14 14 15 13 14 14 13
10 14 9 13 10 12 11 13
11 14 10 14 10 13 11 13
12 15 11 14 12 13 13 14
13 16 12 16 12 15 13 15
14 17 13 16 14 15 15 16
15 18 14 18 14 17 15 17
16 17 17 18 16 19 15 18
16 16 16 17 15 17 15 16
9 11 10 10 11 11 10 12
9 10 10 10 10 11 9 11
10 9 11 10 10 11 9 10
13 10 12 11 11 10 12 9
13 9 13 10 12 10 12 9
12 8 13 9 12 10 11 9
13 8 12 8 12 7 13 7
11 8 12 7 13 8 12 9
14 8 15 9 14 10 13 9
14 9 13 9 13 8 14 8
15 8 14 9 13 8 14 7
15 7 15 8 14 8 14 7
14 6 15 7 14 8 13 7
13 6 14 6 14 7 13 7
16 8 16 9 15 9 15 8
16 7 17 8 16 9 15 8
17 7 17 8 16 8 16 7
16 6 17 7 16 8 15 7
15 6 16 6 16 7 15 7
14 5 15 6 14 7 13 6
15 5 15 6 14 6 14 5
15 10 14 10 14 9 15 9
14 11 13 10 14 9 15 10
15 12 14 13 13 12 14 11
21 9 21 8 22 8 22 9
20 8 21 9 20 10 19 9
20 9 19 9 19 8 20 8
20 7 21 8 20 9 19 8
21 7 21 8 20 8 20 7
22 6 23 7 22 8 21 7
21 10 20 10 20 9 21 9
19 10 20 9 21 10 20 11
19 11 19 10 20 10 20 11
18 11 19 11 19 12 18 12
19 7 19 8 18 8 18 7
18 6 19 7 18 8 17 7
17 6 18 6 18 7 17 7
16 5 17 6 16 7 15 6
17 5 17 6 16 6 16 5
16 4 17 5 16 6 15 5
15 4 16 4 16 5 15 5
20 6 21 7 20 8 19 7
19 6 20 6 20 7 19 7
18 5 19 6 18 7 17 6
19 5 19 6 18 6 18 5
18 4 19 5 18 6 17 5
17 4 18 4 18 5 17 5
16 3 17 4 16 5 15 4
17 3 17 4 16 4 16 3
18 9 17 8 18 7 19 8
17 9 17 8 18 8 18 9
18 10 17 9 18 8 19 9
17 11 18 10 19 11 18 12
17 10 18 10 18 11 17 11
16 10 16 9 17 9 17 10
16 11 15 11 15 10 16 10
16 12 15 11 16 10 17 11
17 12 16 12 16 11 17 11
18 13 17 12 18 11 19 12
17 13 17 12 18 12 18 13
16 14 15 13 16 12 17 13
16 15 15 15 15 14 16 14
16 13 17 14 16 15 15 14
17 16 16 17 15 16 16 15
17 15 17 16 16 16 16 15
18 14 18 15 17 15 17 14
19 13 18 14 17 13 18 12
20 12 20 13 19 13 19 12
21 11 21 12 20 12 20 11
20 14 19 13 20 12 21 13
21 14 20 14 20 13 21 13
22 13 23 14 22 15 21 14
22 12 22 13 21 13 21 12
19 14 18 14 18 13 19 13
20 15 19 14 20 13 21 14
19 15 19 14 20 14 20 15
18 16 17 15 18 14 19 15
19 16 18 16 18 15 19 15
18 17 17 16 18 15 19 16
17 17 17 16 18 16 18 17
18 18 17 17 18 16 19 17
19 18 18 18 18 17 19 17
18 19 17 18 18 17 19 18
18 20 17 19 18 18 19 19
19 20 18 20 18 19 19 19
16 18 15 17 16 16 17 17
15 19 15 18 16 18 16 19
16 20 15 19 16 18 17 19
17 20 16 20 16 19 17 19
18 21 17 20 18 19 19 20
17 21 17 20 18 20 18 21
14 20 13 19 14 18 15 19
10 8 11 8 11 9 10 9
9 9 10 8 11 9 10 10
4 16 7 13 11 17 8 20
9 17 8 16 10 14 11 15
15 23 14 22 16 20 17 21
17 22 14 22 14 21 17 21
21 19 19 19 19 18 21 18
26 19 23 22 19 18 22 15
13 23 13 19 15 19 15 23
20 22 20 21 23 21 23 22
20 23 17 23 17 22 20 22
12 21 12 20 14 20 14 21
11 20 14 17 15 18 12 21
12 19 12 20 11 20 11 19
13 18 13 19 12 19 12 18
22 16 22 17 19 17 19 16
21 17 19 15 20 14 22 16
11 23 8 23 8 20 11 20
15 22 14 21 16 19 17 20
11 21 12 20 14 22 13 23
19 23 17 21 18 20 20 22
9 19 9 17 11 17 11 19
7 17 7 13 9 13 9 17
19 24 17 22 18 21 20 23
7 14 9 12 10 13 8 15
4 15 8 15 8 16 4 16
2 13 7 8 9 10 4 15
2 8 7 8 7 13 2 13
8 18 8 16 12 16 12 18
19 25 17 23 21 19 23 21
14 26 11 23 14 20 17 23
26 17 26 19 22 19 22 17
4 6 9 11 7 13 2 8
