148
20 19 21 19 21 20 20 20
18 21 17 21 17 20 18 20
19 19 20 20 19 21 18 20
19 18 20 18 20 19 19 19
13 23 14 24 13 25 12 24
13 24 12 24 12 23 13 23
14 25 13 25 13 24 14 24
19 17 20 18 19 19 18 18
18 17 19 17 19 18 18 18
22 20 22 24 21 24 21 20
23 19 24 20 23 21 22 20
21 21 20 20 21 19 22 20
22 18 23 17 24 18 23 19
23 18 22 18 22 17 23 17
24 19 23 19 23 18 24 18
21 17 22 18 21 19 20 18
24 17 25 18 24 19 23 18
25 17 25 18 24 18 24 17
24 21 25 21 25 26 24 26
23 20 24 20 24 21 23 21
22 19 23 19 23 20 22 20
21 18 22 18 22 19 21 19
20 17 21 17 21 18 20 18
25 20 24 21 23 20 24 19
25 19 25 20 24 20 24 19
22 21 21 20 22 19 23 20
26 20 25 21 24 20 25 19
26 21 25 21 25 20 26 20
26 18 25 19 24 18 25 17
26 19 25 19 25 18 26 18
27 20 26 21 25 20 26 19
27 19 27 20 26 20 26 19
21 16 22 17 21 18 20 17
22 16 22 17 21 17 21 16
20 16 21 15 22 16 21 17
19 16 20 16 20 17 19 17
20 15 21 15 21 16 20 16
24 16 23 17 22 16 23 15
23 16 24 16 24 17 23 17
22 15 23 15 23 16 22 16
15 10 12 10 12 9 15 9
16 10 16 11 15 11 15 10
16 9 17 10 16 11 15 10
17 9 17 10 16 10 16 9
14 10 15 9 16 10 15 11
22 14 21 15 16 10 17 9
21 14 22 14 22 15 21 15
22 13 23 14 22 15 21 14
23 13 23 14 22 14 22 13
24 13 23 13 23 12 24 12
24 14 23 15 22 14 23 13
24 15 23 15 23 14 24 14
25 16 24 17 23 16 24 15
25 15 25 16 24 16 24 15
25 14 24 15 23 14 24 13
25 13 25 14 24 14 24 13
26 16 25 17 24 16 25 15
26 17 25 17 25 16 26 16
26 14 25 15 24 14 25 13
26 15 25 15 25 14 26 14
26 13 27 13 27 14 26 14
27 18 26 19 25 18 26 17
27 17 27 18 26 18 26 17
27 16 26 17 25 16 26 15
27 15 27 16 26 16 26 15
28 18 27 19 26 18 27 17
28 19 27 19 27 18 28 18
28 16 27 17 26 16 27 15
28 17 27 17 27 16 28 16
28 14 27 15 26 14 27 13
28 15 27 15 27 14 28 14
29 18 28 19 27 18 28 17
29 17 29 18 28 18 28 17
29 16 28 17 27 16 28 15
29 15 29 16 28 16 28 15
30 16 29 17 28 16 29 15
30 17 29 17 29 16 30 16
17 24 15 26 14 25 16 23
16 24 16 23 17 23 17 24
13 11 15 11 15 15 13 15
13 9 14 10 13 11 12 10
11 10 12 9 19 16 18 17
10 9 11 10 10 11 9 10
28 13 27 14 26 13 27 12
28 12 28 13 27 13 27 12
19 22 18 21 20 19 21 20
18 22 18 21 19 21 19 22
16 22 17 21 18 22 17 23
17 22 16 22 16 21 17 21
18 23 17 23 17 22 18 22
15 22 16 21 17 22 16 23
15 23 15 22 16 22 16 23
19 24 18 25 17 24 18 23
15 25 14 24 15 23 16 24
14 26 14 25 15 25 15 26
13 27 12 26 13 25 14 26
14 17 17 20 16 21 13 18
14 22 14 17 15 17 15 22
15 21 16 22 15 23 14 22
12 22 13 21 14 22 13 23
11 23 11 22 12 22 12 23
21 25 18 22 19 21 22 24
10 15 13 15 13 18 10 18
27 23 24 26 22 24 25 21
24 29 19 24 22 21 27 26
14 12 15 11 20 16 19 17
19 23 19 22 27 22 27 23
18 24 18 23 19 23 19 24
17 25 17 24 18 24 18 25
12 14 11 14 11 10 12 10
13 13 14 14 13 15 12 14
12 12 13 11 14 12 13 13
21 12 21 14 14 14 14 12
22 11 23 12 22 13 21 12
23 10 23 12 21 12 21 10
22 9 23 10 22 11 21 10
18 9 22 9 22 11 18 11
19 10 18 11 17 10 18 9
19 25 19 24 21 24 21 25
18 26 17 25 18 24 19 25
19 26 18 26 18 25 19 25
19 29 19 26 24 26 24 29
18 30 14 26 15 25 19 29
15 30 15 26 18 26 18 30
14 29 18 25 19 26 15 30
17 16 17 10 19 10 19 16
17 12 18 11 21 14 20 15
12 29 12 26 14 26 14 29
12 17 12 14 14 14 14 17
11 19 15 15 17 17 13 21
11 16 16 11 17 12 12 17
10 17 9 16 10 15 11 16
9 19 9 16 11 16 11 19
10 20 9 19 10 18 11 19
15 16 17 16 17 17 15 17
12 13 15 16 14 17 11 14
13 20 13 21 10 21 10 20
14 21 15 22 13 24 12 23
9 21 10 20 12 22 11 23
22 23 24 21 27 24 25 26
12 19 13 20 11 22 10 21
11 18 12 17 13 18 12 19
17 18 17 20 13 20 13 18
18 19 17 18 18 17 19 18
19 20 18 20 18 19 19 19
20 21 19 21 19 20 20 20
14 18 15 17 18 20 17 21
16 17 17 18 14 21 13 20
