546
36 34 36 33 37 33 37 34
35 35 35 34 36 34 36 35
27 31 27 32 26 32 26 31
14 33 13 33 13 32 14 32
35 25 35 26 34 26 34 25
34 24 34 25 33 25 33 24
27 24 28 24 28 25 27 25
38 21 37 21 37 20 38 20
33 17 33 18 32 18 32 17
32 19 31 19 31 18 32 18
24 18 24 17 25 17 25 18
39 14 38 14 38 13 39 13
29 13 30 14 29 15 28 14
29 14 28 14 28 13 29 13
30 15 29 15 29 14 30 14
25 15 26 16 25 17 24 16
25 14 26 14 26 15 25 15
30 18 31 17 32 18 31 19
30 17 31 17 31 18 30 18
14 20 15 19 16 20 15 21
17 19 18 20 17 21 16 20
16 22 15 23 14 22 15 21
30 21 31 22 30 23 29 22
24 24 23 25 22 24 23 23
24 23 25 23 25 24 24 24
26 24 27 23 28 24 27 25
26 23 27 23 27 24 26 24
35 24 34 25 33 24 34 23
35 23 35 24 34 24 34 23
36 24 36 25 35 25 35 24
33 27 32 26 33 25 34 26
32 27 33 28 32 29 31 28
32 28 32 27 33 27 33 28
31 29 31 28 32 28 32 29
31 30 30 30 30 29 31 29
40 30 39 31 38 30 39 29
35 33 36 34 35 35 34 34
34 33 35 33 35 34 34 34
14 35 13 34 14 33 15 34
36 26 35 27 34 26 35 25
36 27 35 27 35 26 36 26
25 19 24 18 25 17 26 18
26 19 25 19 25 18 26 18
25 25 24 24 25 23 26 24
26 25 25 25 25 24 26 24
27 26 26 26 26 25 27 25
31 27 32 28 31 29 30 28
30 27 31 27 31 28 30 28
31 26 32 26 32 27 31 27
33 34 34 33 35 34 34 35
33 35 33 34 34 34 34 35
37 26 36 27 35 26 36 25
37 25 37 26 36 26 36 25
24 26 25 25 26 26 25 27
23 27 23 26 24 26 24 27
30 26 31 25 32 26 31 27
30 25 31 25 31 26 30 26
29 28 30 27 31 28 30 29
29 29 29 28 30 28 30 29
22 26 23 25 24 26 23 27
22 25 23 25 23 26 22 26
29 26 30 25 31 26 30 27
29 27 29 26 30 26 30 27
28 27 27 26 28 25 29 26
28 28 28 27 29 27 29 28
29 20 31 18 32 19 30 21
29 19 29 20 28 20 28 19
29 21 29 20 30 20 30 21
28 21 27 20 28 19 29 20
27 21 27 20 28 20 28 21
28 22 28 21 29 21 29 22
28 23 27 23 27 22 28 22
26 22 27 21 28 22 27 23
25 22 26 22 26 23 25 23
26 21 27 21 27 22 26 22
29 24 28 25 27 24 28 23
29 23 29 24 28 24 28 23
30 22 30 23 29 23 29 22
31 21 31 22 30 22 30 21
23 22 24 21 25 22 24 23
24 22 24 23 23 23 23 22
25 21 25 22 24 22 24 21
25 20 26 19 27 20 26 21
26 20 26 21 25 21 25 20
27 19 27 20 26 20 26 19
31 24 30 25 29 24 30 23
30 24 30 23 31 23 31 24
29 25 29 24 30 24 30 25
28 26 28 25 29 25 29 26
27 27 27 26 28 26 28 27
32 22 31 23 30 22 31 21
32 23 31 23 31 22 32 22
32 20 31 21 30 20 31 19
24 19 25 20 24 21 23 20
24 20 24 19 25 19 25 20
23 21 23 20 24 20 24 21
32 24 31 25 30 24 31 23
33 23 33 24 32 24 32 23
32 25 31 25 31 24 32 24
33 26 32 26 32 25 33 25
34 27 33 27 33 26 34 26
23 18 24 17 25 18 24 19
23 19 23 18 24 18 24 19
22 20 22 19 23 19 23 20
22 22 23 21 24 22 23 23
22 21 23 21 23 22 22 22
21 20 22 20 22 21 21 21
21 18 22 17 23 18 22 19
31 31 34 34 33 35 30 32
30 31 31 31 31 32 30 32
32 30 31 31 30 30 31 29
32 31 31 31 31 30 32 30
29 30 30 29 31 30 30 31
29 31 29 30 30 30 30 31
32 33 31 32 32 31 33 32
33 30 32 31 31 30 32 29
33 29 33 30 32 30 32 29
28 30 29 29 30 30 29 31
28 29 29 29 29 30 28 30
31 34 32 33 33 34 32 35
34 28 33 29 32 28 33 27
35 28 34 28 34 27 35 27
34 29 33 29 33 28 34 28
27 28 28 27 29 28 28 29
27 29 27 28 28 28 28 29
35 29 34 28 35 27 36 28
36 29 35 29 35 28 36 28
26 30 27 29 28 30 27 31
25 30 26 30 26 31 25 31
26 28 27 27 28 28 27 29
26 27 27 27 27 28 26 28
25 26 26 26 26 27 25 27
24 25 25 25 25 26 24 26
23 24 24 24 24 25 23 25
22 23 23 23 23 24 22 24
34 30 35 29 36 30 35 31
35 30 34 30 34 29 35 29
36 31 35 31 35 30 36 30
37 28 36 29 35 28 36 27
37 27 37 28 36 28 36 27
21 24 22 23 23 24 22 25
21 25 21 24 22 24 22 25
21 22 22 21 23 22 22 23
21 23 21 22 22 22 22 23
33 31 32 30 33 29 34 30
34 31 33 31 33 30 34 30
32 32 32 31 33 31 33 32
31 33 31 32 32 32 32 33
37 30 36 31 35 30 36 29
37 29 37 30 36 30 36 29
38 26 37 27 36 26 37 25
38 27 37 27 37 26 38 26
20 24 21 23 22 24 21 25
20 23 21 23 21 24 20 24
20 22 21 21 22 22 21 23
20 21 21 21 21 22 20 22
35 32 34 33 33 32 34 31
34 32 34 31 35 31 35 32
33 33 33 32 34 32 34 33
32 34 32 33 33 33 33 34
31 35 31 34 32 34 32 35
36 32 36 33 35 33 35 32
37 31 36 30 37 29 38 30
38 31 37 31 37 30 38 30
37 32 36 32 36 31 37 31
38 28 37 29 36 28 37 27
39 28 38 28 38 27 39 27
38 29 37 29 37 28 38 28
39 30 38 30 38 29 39 29
40 31 39 31 39 30 40 30
41 31 41 32 40 32 40 31
19 22 20 21 21 22 20 23
19 23 19 22 20 22 20 23
38 32 37 33 36 32 37 31
39 32 38 32 38 31 39 31
38 33 37 33 37 32 38 32
40 28 39 29 38 28 39 27
40 29 39 29 39 28 40 28
39 33 38 32 39 31 40 32
40 33 39 33 39 32 40 32
39 34 38 35 37 34 38 33
38 34 38 33 39 33 39 34
37 35 37 34 38 34 38 35
41 30 40 31 39 30 40 29
41 29 41 30 40 30 40 29
40 34 39 35 38 34 39 33
40 35 39 35 39 34 40 34
42 30 41 31 40 30 41 29
42 31 41 31 41 30 42 30
41 34 40 35 39 34 40 33
41 33 41 34 40 34 40 33
42 32 41 33 40 32 41 31
42 33 41 33 41 32 42 32
43 32 42 33 41 32 42 31
43 31 43 32 42 32 42 31
28 18 29 19 28 20 27 19
27 18 28 18 28 19 27 19
26 17 27 18 26 19 25 18
25 16 26 16 26 17 25 17
24 15 25 15 25 16 24 16
27 17 27 18 26 18 26 17
27 16 26 17 25 16 26 15
27 15 27 16 26 16 26 15
23 16 24 15 25 16 24 17
23 17 23 16 24 16 24 17
22 18 22 17 23 17 23 18
21 19 21 18 22 18 22 19
28 16 27 17 26 16 27 15
28 17 27 17 27 16 28 16
27 13 28 14 27 15 26 14
20 20 21 19 22 20 21 21
20 19 21 19 21 20 20 20
29 17 28 16 29 15 30 16
29 18 28 18 28 17 29 17
30 19 29 19 29 18 30 18
31 20 30 20 30 19 31 19
32 21 31 21 31 20 32 20
29 16 30 16 30 17 29 17
28 15 29 15 29 16 28 16
27 14 28 14 28 15 27 15
26 13 27 13 27 14 26 14
19 20 20 19 21 20 20 21
19 21 19 20 20 20 20 21
33 22 32 23 31 22 32 21
33 21 33 22 32 22 32 21
34 22 34 23 33 23 33 22
31 16 30 17 29 16 30 15
31 15 31 16 30 16 30 15
32 16 32 17 31 17 31 16
18 22 19 21 20 22 19 23
18 21 19 21 19 22 18 22
17 20 18 20 18 21 17 21
16 19 17 19 17 20 16 20
19 19 20 20 19 21 18 20
18 19 19 19 19 20 18 20
18 18 18 19 17 19 17 18
17 23 16 22 17 21 18 22
17 22 18 22 18 23 17 23
16 21 17 21 17 22 16 22
15 20 16 20 16 21 15 21
14 19 15 19 15 20 14 20
25 28 24 27 25 26 26 27
24 28 24 27 25 27 25 28
25 29 24 28 25 27 26 28
26 29 25 29 25 28 26 28
27 30 26 30 26 29 27 29
28 31 27 31 27 30 28 30
24 30 25 29 26 30 25 31
24 29 25 29 25 30 24 30
23 29 23 28 24 28 24 29
29 32 28 33 27 32 28 31
28 32 28 31 29 31 29 32
27 33 27 32 28 32 28 33
22 28 23 27 24 28 23 29
22 27 23 27 23 28 22 28
30 33 29 32 30 31 31 32
29 33 29 32 30 32 30 33
30 34 30 33 31 33 31 34
21 26 22 25 23 26 22 27
21 27 21 26 22 26 22 27
20 26 21 25 22 26 21 27
20 25 21 25 21 26 20 26
19 24 20 23 21 24 20 25
18 24 18 23 19 23 19 24
19 25 19 24 20 24 20 25
18 25 17 24 18 23 19 24
17 25 17 24 18 24 18 25
16 24 17 23 18 24 17 25
16 23 17 23 17 24 16 24
15 22 16 22 16 23 15 23
14 21 15 21 15 22 14 22
14 23 13 22 14 21 15 22
13 23 13 22 14 22 14 23
13 20 14 19 15 20 14 21
13 21 13 20 14 20 14 21
12 22 13 21 14 22 13 23
12 21 13 21 13 22 12 22
34 18 33 17 35 15 36 16
33 19 33 18 34 18 34 19
33 20 32 20 32 19 33 19
34 20 33 21 32 20 33 19
34 21 33 21 33 20 34 20
35 22 34 23 33 22 34 21
35 21 35 22 34 22 34 21
35 20 34 21 33 20 34 19
35 19 35 20 34 20 34 19
36 20 36 21 35 21 35 20
36 22 35 23 34 22 35 21
37 22 36 22 36 21 37 21
36 23 35 23 35 22 36 22
36 19 37 20 36 21 35 20
37 19 37 20 36 20 36 19
37 24 36 25 35 24 36 23
37 23 37 24 36 24 36 23
38 24 37 25 36 24 37 23
38 25 37 25 37 24 38 24
38 22 37 23 36 22 37 21
38 23 37 23 37 22 38 22
39 23 39 24 38 24 38 23
39 26 38 27 37 26 38 25
39 25 39 26 38 26 38 25
39 22 38 23 37 22 38 21
39 21 39 22 38 22 38 21
40 26 39 27 38 26 39 25
40 27 39 27 39 26 40 26
40 24 39 25 38 24 39 23
40 25 39 25 39 24 40 24
41 25 41 26 40 26 40 25
40 22 39 23 38 22 39 21
40 23 39 23 39 22 40 22
41 23 41 24 40 24 40 23
41 28 40 29 39 28 40 27
41 27 41 28 40 28 40 27
42 24 41 25 40 24 41 23
42 25 41 25 41 24 42 24
42 28 41 29 40 28 41 27
42 29 41 29 41 28 42 28
42 26 41 27 40 26 41 25
42 27 41 27 41 26 42 26
43 30 42 31 41 30 42 29
43 29 43 30 42 30 42 29
43 28 42 29 41 28 42 27
43 27 43 28 42 28 42 27
43 26 42 27 41 26 42 25
43 25 43 26 42 26 42 25
44 30 43 31 42 30 43 29
44 31 43 31 43 30 44 30
44 28 43 29 42 28 43 27
44 29 43 29 43 28 44 28
44 26 43 27 42 26 43 25
44 27 43 27 43 26 44 26
45 30 44 31 43 30 44 29
45 29 45 30 44 30 44 29
45 28 44 29 43 28 44 27
45 27 45 28 44 28 44 27
46 28 45 29 44 28 45 27
46 29 45 29 45 28 46 28
24 37 20 33 22 31 26 35
27 37 27 38 24 38 24 37
27 35 28 36 27 37 26 36
27 36 26 36 26 35 27 35
28 37 27 37 27 36 28 36
28 35 29 36 28 37 27 36
29 35 29 36 28 36 28 35
28 34 29 33 30 34 29 35
29 34 28 34 28 33 29 33
30 35 29 35 29 34 30 34
27 34 28 34 28 35 27 35
26 34 27 33 28 34 27 35
26 33 27 33 27 34 26 34
25 32 26 31 27 32 26 33
25 33 25 32 26 32 26 33
24 32 25 31 26 32 25 33
24 31 25 31 25 32 24 32
23 30 24 29 25 30 24 31
23 31 23 30 24 30 24 31
22 30 23 29 24 30 23 31
21 30 22 30 22 31 21 31
22 29 23 29 23 30 22 30
21 28 22 27 23 28 22 29
21 29 21 28 22 28 22 29
20 30 21 29 22 30 21 31
20 29 21 29 21 30 20 30
20 28 21 27 22 28 21 29
19 29 19 28 20 28 20 29
20 27 21 27 21 28 20 28
19 26 20 25 21 26 20 27
18 26 18 25 19 25 19 26
19 27 19 26 20 26 20 27
16 26 17 25 18 26 17 27
18 28 19 27 20 28 19 29
18 27 19 27 19 28 18 28
17 26 18 26 18 27 17 27
16 25 17 25 17 26 16 26
16 28 17 27 18 28 17 29
16 27 15 26 16 25 17 26
15 27 15 26 16 26 16 27
17 28 16 28 16 27 17 27
18 29 17 29 17 28 18 28
15 24 16 23 17 24 16 25
14 24 14 23 15 23 15 24
15 25 15 24 16 24 16 25
14 26 15 25 16 26 15 27
14 25 15 25 15 26 14 26
14 27 13 26 14 25 15 26
13 27 13 26 14 26 14 27
13 24 14 23 15 24 14 25
13 25 13 24 14 24 14 25
12 26 13 25 14 26 13 27
12 25 13 25 13 26 12 26
12 24 13 23 14 24 13 25
12 23 13 23 13 24 12 24
11 24 12 23 13 24 12 25
11 25 11 24 12 24 12 25
11 22 12 21 13 22 12 23
11 23 11 22 12 22 12 23
10 24 11 23 12 24 11 25
10 23 11 23 11 24 10 24
38 38 38 35 39 35 39 38
24 14 19 19 18 18 23 13
25 13 26 14 25 15 24 14
24 13 25 13 25 14 24 14
23 14 24 13 25 14 24 15
23 15 23 14 24 14 24 15
39 17 40 18 38 20 37 19
39 15 40 16 39 17 38 16
40 14 39 15 38 14 39 13
40 15 39 15 39 14 40 14
19 30 18 29 19 28 20 29
18 30 18 29 19 29 19 30
16 30 17 29 18 30 17 31
19 31 18 30 19 29 20 30
20 31 19 31 19 30 20 30
14 34 17 31 24 38 21 41
15 33 15 34 14 34 14 33
13 35 13 34 14 34 14 35
12 34 13 33 14 34 13 35
12 33 13 33 13 34 12 34
27 12 28 13 27 14 26 13
28 12 28 13 27 13 27 12
35 16 36 16 36 19 35 19
34 16 34 15 35 15 35 16
37 14 35 16 34 15 36 13
38 15 37 14 38 13 39 14
37 15 37 14 38 14 38 15
39 16 38 16 38 15 39 15
40 17 39 17 39 16 40 16
37 17 36 16 37 15 38 16
41 16 40 17 39 16 40 15
41 15 41 16 40 16 40 15
42 14 41 15 40 14 41 13
11 29 13 27 16 30 14 32
21 16 21 18 18 18 18 16
22 15 23 16 22 17 21 16
22 16 22 15 23 15 23 16
11 31 11 29 17 29 17 31
12 32 11 31 15 27 16 28
12 27 13 27 13 32 12 32
11 26 12 25 13 26 12 27
11 27 11 26 12 26 12 27
10 26 11 25 12 26 11 27
10 25 11 25 11 26 10 26
9 24 10 23 11 24 10 25
9 25 9 24 10 24 10 25
41 18 38 21 37 20 40 17
41 17 41 18 40 18 40 17
42 16 41 17 40 16 41 15
42 17 41 17 41 16 42 16
16 14 18 14 18 16 16 16
16 18 14 16 16 14 18 16
15 18 16 18 16 19 15 19
16 17 17 18 16 19 15 18
17 17 17 18 16 18 16 17
35 18 38 15 39 16 36 19
34 17 35 18 34 19 33 18
33 16 34 16 34 17 33 17
32 15 33 16 32 17 31 16
33 15 33 16 32 16 32 15
32 14 33 15 32 16 31 15
31 14 32 14 32 15 31 15
30 13 31 14 30 15 29 14
31 13 31 14 30 14 30 13
18 39 16 39 16 30 18 30
18 41 17 40 18 39 19 40
18 40 25 33 26 34 19 41
19 39 19 40 18 40 18 39
17 41 17 40 18 40 18 41
17 34 17 31 19 31 19 34
15 40 15 34 17 34 17 40
16 41 15 40 16 39 17 40
14 17 14 16 16 16 16 17
13 18 14 17 15 18 14 19
15 11 18 14 16 16 13 13
16 13 21 18 20 19 15 14
15 13 16 13 16 14 15 14
13 11 15 11 15 13 13 13
11 13 13 11 15 13 13 15
11 15 11 13 13 13 13 15
13 41 13 39 16 39 16 41
15 32 14 32 14 27 15 27
14 31 15 32 14 33 13 32
32 44 29 41 35 35 38 38
33 44 32 44 32 39 33 39
32 45 26 39 27 38 33 44
40 36 40 41 29 41 29 36
34 40 34 35 35 35 35 40
38 36 34 40 33 39 37 35
39 37 38 36 39 35 40 36
33 38 32 39 29 36 30 35
38 39 33 39 33 38 38 38
35 46 33 44 38 39 40 41
38 37 35 40 33 38 36 35
41 36 39 38 38 37 40 35
41 35 41 36 40 36 40 35
42 34 41 35 40 34 41 33
42 35 41 35 41 34 42 34
43 34 42 35 41 34 42 33
43 33 43 34 42 34 42 33
44 32 43 33 42 32 43 31
44 33 43 33 43 32 44 32
45 32 44 33 43 32 44 31
45 31 45 32 44 32 44 31
46 30 45 31 44 30 45 29
46 31 45 31 45 30 46 30
47 30 46 31 45 30 46 29
47 29 47 30 46 30 46 29
20 35 24 31 25 32 21 36
14 37 14 35 20 35 20 37
15 36 17 34 20 37 18 39
13 36 14 35 15 36 14 37
12 36 13 35 18 40 17 41
12 35 13 35 13 36 12 36
11 34 12 33 13 34 12 35
11 35 11 34 12 34 12 35
21 33 23 31 24 32 22 34
11 39 19 31 21 33 13 41
15 15 15 18 13 18 13 15
33 13 34 13 34 15 33 15
32 12 33 13 32 14 31 13
37 12 37 14 32 14 32 12
18 13 23 13 23 14 18 14
15 38 19 34 20 35 16 39
33 12 34 13 32 15 31 14
32 38 32 35 33 35 33 38
31 38 30 38 30 35 31 35
31 39 31 38 32 38 32 39
21 40 21 41 19 41 19 40
23 42 21 40 24 37 26 39
39 19 37 19 37 17 39 17
19 15 22 18 21 19 18 16
13 30 16 27 17 28 14 31
13 28 14 27 20 33 19 34
20 15 20 19 19 19 19 15
22 39 19 39 19 34 22 34
36 18 37 19 36 20 35 19
20 32 20 33 15 33 15 32
21 32 20 32 20 31 21 31
16 33 19 30 20 31 17 34
21 35 20 35 20 33 21 33
23 34 22 34 22 31 23 31
23 35 23 34 26 34 26 35
23 36 21 36 21 35 23 35
23 39 23 36 26 36 26 39
22 42 22 39 23 39 23 42
31 37 30 38 28 36 29 35
24 33 21 33 21 32 24 32
