775
26 36 25 36 25 35 26 35
23 36 23 35 24 35 24 36
22 33 22 34 21 34 21 33
22 32 23 32 23 33 22 33
21 35 20 35 20 34 21 34
35 32 35 33 34 33 34 32
18 32 17 32 17 31 18 31
17 30 17 31 16 31 16 30
34 31 34 30 35 30 35 31
34 29 34 30 33 30 33 29
26 28 25 28 25 27 26 27
29 25 30 25 30 26 29 26
31 27 30 27 30 26 31 26
31 28 31 27 32 27 32 28
34 22 35 22 35 23 34 23
33 22 33 21 34 21 34 22
22 21 22 20 23 20 23 21
36 18 35 18 35 17 36 17
26 15 26 16 25 16 25 15
27 15 26 15 26 14 27 14
20 15 20 16 19 16 19 15
18 17 18 16 19 16 19 17
33 16 33 15 34 15 34 16
32 17 32 16 33 16 33 17
24 14 25 14 25 15 24 15
24 13 24 14 23 14 23 13
19 12 20 13 19 14 18 13
22 15 23 14 24 15 23 16
29 18 28 17 29 16 30 17
36 16 35 17 34 16 35 15
33 19 32 18 33 17 34 18
33 18 33 19 32 19 32 18
34 17 34 18 33 18 33 17
35 16 35 17 34 17 34 16
36 15 36 16 35 16 35 15
21 20 20 19 21 18 22 19
21 19 22 19 22 20 21 20
20 18 21 18 21 19 20 19
37 18 36 19 35 18 36 17
37 19 36 19 36 18 37 18
33 20 32 21 31 20 32 19
32 20 33 20 33 21 32 21
31 19 32 19 32 20 31 20
37 20 36 21 35 20 36 19
37 22 36 23 35 22 36 21
17 24 16 25 15 24 16 23
18 23 18 24 17 24 17 23
34 24 35 23 36 24 35 25
33 24 33 23 34 23 34 24
34 25 34 24 35 24 35 25
21 25 22 26 21 27 20 26
24 27 25 26 26 27 25 28
24 26 25 26 25 27 24 27
32 29 33 30 32 31 31 30
33 28 33 29 32 29 32 28
31 34 30 33 31 32 32 33
30 35 30 34 31 34 31 35
31 33 32 33 32 34 31 34
30 32 31 32 31 33 30 33
36 32 35 33 34 32 35 31
36 31 36 32 35 32 35 31
24 34 23 35 22 34 23 33
25 34 25 35 24 35 24 34
29 32 30 33 29 34 28 33
30 31 30 32 29 32 29 31
28 32 29 32 29 33 28 33
34 34 33 35 32 34 33 33
33 34 33 33 34 33 34 34
32 35 32 34 33 34 33 35
31 36 31 35 32 35 32 36
33 37 32 36 33 35 34 36
25 37 24 36 25 35 26 36
24 37 24 36 25 36 25 37
23 31 24 32 23 33 22 32
22 31 22 30 23 30 23 31
24 31 24 32 23 32 23 31
16 32 17 31 18 32 17 33
16 33 16 32 17 32 17 33
33 32 34 31 35 32 34 33
32 32 33 32 33 33 32 33
31 31 32 31 32 32 31 32
30 30 31 30 31 31 30 31
33 31 34 31 34 32 33 32
32 30 33 30 33 31 32 31
31 29 32 29 32 30 31 30
24 28 25 27 26 28 25 29
23 28 23 27 24 27 24 28
24 29 24 28 25 28 25 29
23 29 24 29 24 30 23 30
22 28 23 28 23 29 22 29
22 27 22 28 21 28 21 27
23 26 23 27 22 27 22 26
23 25 24 25 24 26 23 26
29 27 28 26 29 25 30 26
28 27 28 26 29 26 29 27
31 25 32 26 31 27 30 26
31 24 31 25 30 25 30 24
32 25 32 26 31 26 31 25
32 22 33 21 34 22 33 23
32 23 32 22 33 22 33 23
35 19 34 18 35 17 36 18
34 19 34 18 35 18 35 19
34 20 33 20 33 19 34 19
35 21 34 21 34 20 35 20
36 22 35 22 35 21 36 21
37 23 36 23 36 22 37 22
36 20 35 20 35 19 36 19
37 21 36 21 36 20 37 20
25 13 26 14 25 15 24 14
26 13 26 14 25 14 25 13
31 18 32 17 33 18 32 19
30 18 31 18 31 19 30 19
29 17 30 17 30 18 29 18
28 16 29 16 29 17 28 17
31 17 32 17 32 18 31 18
37 16 36 17 35 16 36 15
37 17 36 17 36 16 37 16
19 19 18 18 19 17 20 18
31 21 30 20 31 19 32 20
30 21 30 20 31 20 31 21
31 22 31 21 32 21 32 22
19 24 18 25 17 24 18 23
20 24 19 24 19 23 20 23
20 25 20 24 21 24 21 25
19 25 18 25 18 24 19 24
19 26 19 25 20 25 20 26
34 27 35 28 34 29 33 28
37 32 36 33 35 32 36 31
37 33 36 33 36 32 37 32
15 31 16 32 15 33 14 32
15 32 15 31 16 31 16 32
14 33 14 32 15 32 15 33
30 28 31 27 32 28 31 29
29 28 29 27 30 27 30 28
30 29 30 28 31 28 31 29
22 24 23 23 24 24 23 25
30 23 31 24 30 25 29 24
29 23 30 23 30 24 29 24
33 26 32 27 31 26 32 25
33 27 32 27 32 26 33 26
34 28 33 28 33 27 34 27
35 29 34 29 34 28 35 28
38 22 37 23 36 22 37 21
38 21 38 22 37 22 37 21
38 20 37 21 36 20 37 19
38 19 38 20 37 20 37 19
25 12 26 13 25 14 24 13
24 12 25 12 25 13 24 13
28 13 27 14 26 13 27 12
27 17 26 16 27 15 28 16
38 18 37 19 36 18 37 17
38 17 38 18 37 18 37 17
29 20 30 19 31 20 30 21
29 19 30 19 30 20 29 20
29 29 28 28 29 27 30 28
28 29 28 28 29 28 29 29
29 30 29 29 30 29 30 30
21 23 22 24 21 25 20 24
22 23 22 24 21 24 21 23
23 22 23 23 22 23 22 22
24 21 24 22 23 22 23 21
29 22 30 21 31 22 30 23
28 23 28 22 29 22 29 23
28 24 29 23 30 24 29 25
28 25 28 24 29 24 29 25
35 26 34 27 33 26 34 25
34 26 35 26 35 27 34 27
33 25 34 25 34 26 33 26
32 24 33 24 33 25 32 25
31 23 32 23 32 24 31 24
30 22 31 22 31 23 30 23
29 21 30 21 30 22 29 22
36 30 35 31 34 30 35 29
36 29 36 30 35 30 35 29
39 20 38 21 37 20 38 19
39 21 38 21 38 20 39 20
23 11 24 12 23 13 22 12
39 18 38 19 37 18 38 17
39 19 38 19 38 18 39 18
28 18 29 17 30 18 29 19
27 18 27 17 28 17 28 18
28 19 28 18 29 18 29 19
28 30 29 29 30 30 29 31
28 31 28 30 29 30 29 31
27 26 28 25 29 26 28 27
27 25 28 25 28 26 27 26
27 24 28 23 29 24 28 25
27 23 28 23 28 24 27 24
36 26 35 27 34 26 35 25
36 25 36 26 35 26 35 25
28 20 29 19 30 20 29 21
28 21 28 20 29 20 29 21
37 30 36 31 35 30 36 29
37 31 36 31 36 30 37 30
37 28 36 29 35 28 36 27
37 29 36 29 36 28 37 28
40 20 39 21 38 20 39 19
40 19 40 20 39 20 39 19
26 24 27 23 28 24 27 25
26 25 26 24 27 24 27 25
37 26 36 27 35 26 36 25
37 27 36 27 36 26 37 26
37 24 36 25 35 24 36 23
37 25 36 25 36 24 37 24
27 22 28 21 29 22 28 23
27 21 28 21 28 22 27 22
38 32 37 33 36 32 37 31
38 31 38 32 37 32 37 31
38 30 37 31 36 30 37 29
38 29 38 30 37 30 37 29
25 25 24 24 25 23 26 24
25 24 25 25 24 25 24 24
26 23 26 24 25 24 25 23
26 22 27 22 27 23 26 23
26 26 25 26 25 25 26 25
27 27 26 27 26 26 27 26
27 28 27 27 28 27 28 28
38 28 37 29 36 28 37 27
38 27 38 28 37 28 37 27
38 26 37 27 36 26 37 25
38 25 38 26 37 26 37 25
38 24 37 25 36 24 37 23
38 23 38 24 37 24 37 23
39 30 38 31 37 30 38 29
39 31 38 31 38 30 39 30
25 21 26 22 25 23 24 22
27 29 26 28 27 27 28 28
26 29 26 28 27 28 27 29
27 30 27 29 28 29 28 30
39 28 38 29 37 28 38 27
39 29 38 29 38 28 39 28
39 26 38 27 37 26 38 25
39 27 38 27 38 26 39 26
39 24 38 25 37 24 38 23
39 25 38 25 38 24 39 24
39 22 38 23 37 22 38 21
39 23 38 23 38 22 39 22
25 30 24 29 25 28 26 29
26 30 25 30 25 29 26 29
27 31 26 31 26 30 27 30
27 32 27 31 28 31 28 32
25 31 24 31 24 30 25 30
40 30 39 31 38 30 39 29
40 29 40 30 39 30 39 29
40 28 39 29 38 28 39 27
40 27 40 28 39 28 39 27
40 26 39 27 38 26 39 25
40 25 40 26 39 26 39 25
40 24 39 25 38 24 39 23
40 23 40 24 39 24 39 23
40 22 39 23 38 22 39 21
40 21 40 22 39 22 39 21
25 32 24 31 25 30 26 31
26 32 25 32 25 31 26 31
27 33 26 33 26 32 27 32
27 34 26 33 27 32 28 33
28 34 27 34 27 33 28 33
41 28 40 29 39 28 40 27
41 29 40 29 40 28 41 28
41 26 40 27 39 26 40 25
41 27 40 27 40 26 41 26
41 24 40 25 39 24 40 23
41 25 40 25 40 24 41 24
41 22 40 23 39 22 40 21
41 23 40 23 40 22 41 22
41 20 40 21 39 20 40 19
41 21 40 21 40 20 41 20
24 33 25 32 26 33 25 34
25 33 24 33 24 32 25 32
26 34 25 34 25 33 26 33
27 35 26 35 26 34 27 34
23 34 23 33 24 33 24 34
22 35 22 34 23 34 23 35
29 35 28 34 29 33 30 34
28 35 28 34 29 34 29 35
27 36 27 35 28 35 28 36
42 28 41 29 40 28 41 27
42 27 42 28 41 28 41 27
42 26 41 27 40 26 41 25
42 25 42 26 41 26 41 25
42 24 41 25 40 24 41 23
42 23 42 24 41 24 41 23
42 22 41 23 40 22 41 21
42 21 42 22 41 22 41 21
27 37 26 36 27 35 28 36
26 37 26 36 27 36 27 37
21 36 20 35 21 34 22 35
22 36 21 36 21 35 22 35
29 36 28 35 29 34 30 35
30 36 29 36 29 35 30 35
43 26 42 27 41 26 42 25
43 27 42 27 42 26 43 26
43 24 42 25 41 24 42 23
43 25 42 25 42 24 43 24
43 22 42 23 41 22 42 21
43 23 42 23 42 22 43 22
25 38 24 37 25 36 26 37
26 38 25 38 25 37 26 37
23 37 22 36 23 35 24 36
22 37 22 36 23 36 23 37
29 37 28 36 29 35 30 36
28 37 28 36 29 36 29 37
31 37 30 36 31 35 32 36
30 37 30 36 31 36 31 37
44 26 43 27 42 26 43 25
44 25 44 26 43 26 43 25
44 24 43 25 42 24 43 23
44 23 44 24 43 24 43 23
23 38 22 37 23 36 24 37
24 38 23 38 23 37 24 37
27 38 26 37 27 36 28 37
28 38 27 38 27 37 28 37
29 38 28 37 29 36 30 37
30 38 29 38 29 37 30 37
45 24 44 25 43 24 44 23
45 25 44 25 44 24 45 24
25 39 24 38 25 37 26 38
24 39 24 38 25 38 25 39
27 39 26 38 27 37 28 38
26 39 26 38 27 38 27 39
29 39 28 38 29 37 30 38
28 39 28 38 29 38 29 39
25 40 24 39 25 38 26 39
26 40 25 40 25 39 26 39
27 40 26 39 27 38 28 39
28 40 27 40 27 39 28 39
27 41 26 40 27 39 28 40
26 41 26 40 27 40 27 41
21 29 22 28 23 29 22 30
21 30 21 29 22 29 22 30
21 32 20 31 21 30 22 31
21 31 22 31 22 32 21 32
20 30 21 30 21 31 20 31
20 29 21 28 22 29 21 30
19 30 19 29 20 29 20 30
20 28 21 28 21 29 20 29
20 33 21 32 22 33 21 34
20 32 21 32 21 33 20 33
19 32 18 31 19 30 20 31
19 31 20 31 20 32 19 32
18 30 19 30 19 31 18 31
19 27 20 28 19 29 18 28
19 33 18 32 19 31 20 32
18 33 18 32 19 32 19 33
19 34 19 33 20 33 20 34
17 29 18 30 17 31 16 30
18 29 18 30 17 30 17 29
19 28 19 29 18 29 18 28
20 27 20 28 19 28 19 27
21 26 21 27 20 27 20 26
22 25 22 26 21 26 21 25
23 24 23 25 22 25 22 24
24 23 24 24 23 24 23 23
25 22 25 23 24 23 24 22
26 21 26 22 25 22 25 21
18 26 19 25 20 26 19 27
18 27 18 26 19 26 19 27
17 28 17 27 18 27 18 28
17 34 16 33 17 32 18 33
18 34 17 34 17 33 18 33
16 28 17 27 18 28 17 29
16 29 16 28 17 28 17 29
25 20 26 21 25 22 24 21
24 20 25 20 25 21 24 21
17 26 18 25 19 26 18 27
17 25 18 25 18 26 17 26
16 24 17 24 17 25 16 25
15 23 16 23 16 24 15 24
19 35 18 34 19 33 20 34
18 35 18 34 19 34 19 35
15 30 16 29 17 30 16 31
15 29 16 29 16 30 15 30
23 19 24 20 23 21 22 20
24 19 24 20 23 20 23 19
16 26 17 25 18 26 17 27
16 27 16 26 17 26 17 27
15 28 15 27 16 27 16 28
14 28 15 28 15 29 14 29
19 36 18 35 19 34 20 35
20 36 19 36 19 35 20 35
14 30 15 29 16 30 15 31
14 31 14 30 15 30 15 31
23 18 24 19 23 20 22 19
22 18 23 18 23 19 22 19
15 26 16 25 17 26 16 27
15 25 16 25 16 26 15 26
21 37 20 36 21 35 22 36
20 37 20 36 21 36 21 37
13 32 14 31 15 32 14 33
13 31 14 31 14 32 13 32
13 30 14 29 15 30 14 31
13 29 14 29 14 30 13 30
21 17 22 18 21 19 20 18
22 17 22 18 21 18 21 17
14 26 15 25 16 26 15 27
14 27 14 26 15 26 15 27
13 28 13 27 14 27 14 28
14 24 15 23 16 24 15 25
13 24 13 23 14 23 14 24
14 25 14 24 15 24 15 25
13 25 14 25 14 26 13 26
12 24 13 24 13 25 12 25
21 38 20 37 21 36 22 37
22 38 21 38 21 37 22 37
12 30 13 29 14 30 13 31
12 31 12 30 13 30 13 31
12 28 13 27 14 28 13 29
12 29 12 28 13 28 13 29
24 17 23 18 22 17 23 16
12 26 13 25 14 26 13 27
12 27 12 26 13 26 13 27
23 39 22 38 23 37 24 38
22 39 22 38 23 38 23 39
11 30 12 29 13 30 12 31
11 29 12 29 12 30 11 30
11 28 12 27 13 28 12 29
11 27 12 27 12 28 11 28
11 26 12 25 13 26 12 27
11 25 12 25 12 26 11 26
23 40 22 39 23 38 24 39
24 40 23 40 23 39 24 39
10 28 11 27 12 28 11 29
10 29 10 28 11 28 11 29
10 26 11 25 12 26 11 27
10 27 10 26 11 26 11 27
25 41 24 40 25 39 26 40
24 41 24 40 25 40 25 41
9 28 10 27 11 28 10 29
9 27 10 27 10 28 9 28
25 42 24 41 25 40 26 41
26 42 25 42 25 41 26 41
33 14 34 13 35 14 34 15
33 13 34 13 34 14 33 14
32 13 32 12 33 12 33 13
32 14 33 13 34 14 33 15
32 15 32 14 33 14 33 15
31 16 32 15 33 16 32 17
30 16 31 16 31 17 30 17
31 15 32 15 32 16 31 16
29 15 30 16 29 17 28 16
30 15 30 16 29 16 29 15
28 15 29 14 30 15 29 16
27 16 27 15 28 15 28 16
26 17 26 16 27 16 27 17
28 14 29 14 29 15 28 15
27 13 28 13 28 14 27 14
26 12 27 12 27 13 26 13
25 18 24 17 25 16 26 17
30 14 29 15 28 14 29 13
30 13 30 14 29 14 29 13
31 14 31 15 30 15 30 14
31 13 32 13 32 14 31 14
25 11 26 12 25 13 24 12
26 11 26 12 25 12 25 11
26 19 25 20 24 19 25 18
29 12 30 13 29 14 28 13
28 12 29 12 29 13 28 13
31 12 32 13 31 14 30 13
30 12 31 12 31 13 30 13
27 20 26 19 27 18 28 19
26 20 27 20 27 21 26 21
25 19 26 19 26 20 25 20
24 18 25 18 25 19 24 19
23 17 24 17 24 18 23 18
22 16 23 16 23 17 22 17
27 19 28 19 28 20 27 20
26 18 27 18 27 19 26 19
25 17 26 17 26 18 25 18
24 16 25 16 25 17 24 17
23 15 24 15 24 16 23 16
22 14 23 14 23 15 22 15
27 11 28 12 27 13 26 12
28 11 28 12 27 12 27 11
31 11 32 12 31 13 30 12
32 11 32 12 31 12 31 11
29 11 30 12 29 13 28 12
30 11 30 12 29 12 29 11
21 15 22 16 21 17 20 16
21 16 21 15 22 15 22 16
20 17 20 16 21 16 21 17
19 18 19 17 20 17 20 18
18 19 18 18 19 18 19 19
27 10 28 11 27 12 26 11
26 10 27 10 27 11 26 11
31 10 32 11 31 12 30 11
30 10 31 10 31 11 30 11
29 10 30 11 29 12 28 11
28 10 29 10 29 11 28 11
21 14 22 15 21 16 20 15
20 14 21 14 21 15 20 15
19 13 20 13 20 14 19 14
18 12 19 12 19 13 18 13
29 9 30 10 29 11 28 10
30 9 30 10 29 10 29 9
27 9 28 10 27 11 26 10
28 9 28 10 27 10 27 9
22 13 21 14 20 13 21 12
23 12 23 13 22 13 22 12
24 11 24 12 23 12 23 11
21 13 22 13 22 14 21 14
20 12 21 12 21 13 20 13
29 8 30 9 29 10 28 9
28 8 29 8 29 9 28 9
25 10 26 11 25 12 24 11
24 10 25 10 25 11 24 11
21 11 22 12 21 13 20 12
22 11 22 12 21 12 21 11
19 11 20 12 19 13 18 12
20 11 20 12 19 12 19 11
25 9 26 10 25 11 24 10
26 9 26 10 25 10 25 9
23 10 24 11 23 12 22 11
22 10 23 10 23 11 22 11
21 10 22 11 21 12 20 11
20 10 21 10 21 11 20 11
27 8 28 9 27 10 26 9
26 8 27 8 27 9 26 9
23 9 24 10 23 11 22 10
24 9 24 10 23 10 23 9
21 9 22 10 21 11 20 10
22 9 22 10 21 10 21 9
27 7 28 8 27 9 26 8
28 7 28 8 27 8 27 7
25 8 26 9 25 10 24 9
24 8 25 8 25 9 24 9
23 8 24 9 23 10 22 9
22 8 23 8 23 9 22 9
25 7 26 8 25 9 24 8
26 7 26 8 25 8 25 7
23 7 24 8 23 9 22 8
24 7 24 8 23 8 23 7
27 6 28 7 27 8 26 7
26 6 27 6 27 7 26 7
25 6 26 7 25 8 24 7
24 6 25 6 25 7 24 7
25 5 26 6 25 7 24 6
26 5 26 6 25 6 25 5
16 34 14 36 13 35 15 33
15 34 15 33 16 33 16 34
17 35 16 34 17 33 18 34
16 35 16 34 17 34 17 35
15 36 14 35 15 34 16 35
15 35 16 35 16 36 15 36
14 34 15 34 15 35 14 35
13 33 14 33 14 34 13 34
17 36 16 35 17 34 18 35
18 36 17 36 17 35 18 35
12 32 13 31 14 32 13 33
12 33 12 32 13 32 13 33
17 37 16 36 17 35 18 36
16 37 16 36 17 36 17 37
19 37 18 36 19 35 20 36
18 37 18 36 19 36 19 37
11 32 12 31 13 32 12 33
11 31 12 31 12 32 11 32
17 38 16 37 17 36 18 37
18 38 17 38 17 37 18 37
19 38 18 37 19 36 20 37
20 38 19 38 19 37 20 37
10 30 11 29 12 30 11 31
10 31 10 30 11 30 11 31
19 39 18 38 19 37 20 38
18 39 18 38 19 38 19 39
21 39 20 38 21 37 22 38
20 39 20 38 21 38 21 39
9 30 10 29 11 30 10 31
9 29 10 29 10 30 9 30
19 40 18 39 19 38 20 39
20 40 19 40 19 39 20 39
21 40 20 39 21 38 22 39
22 40 21 40 21 39 22 39
8 28 9 27 10 28 9 29
8 29 8 28 9 28 9 29
21 41 20 40 21 39 22 40
20 41 20 40 21 40 21 41
23 41 22 40 23 39 24 40
22 41 22 40 23 40 23 41
21 42 20 41 21 40 22 41
22 42 21 42 21 41 22 41
23 42 22 41 23 40 24 41
24 42 23 42 23 41 24 41
23 43 22 42 23 41 24 42
22 43 22 42 23 42 23 43
25 43 24 42 25 41 26 42
24 43 24 42 25 42 25 43
23 44 22 43 23 42 24 43
24 44 23 44 23 43 24 43
21 22 22 21 23 22 22 23
20 22 21 22 21 23 20 23
21 21 22 21 22 22 21 22
20 20 21 19 22 20 21 21
19 20 19 19 20 19 20 20
20 21 20 20 21 20 21 21
19 22 20 21 21 22 20 23
18 22 19 22 19 23 18 23
19 21 20 21 20 22 19 22
18 20 19 19 20 20 19 21
17 20 17 19 18 19 18 20
18 21 18 20 19 20 19 21
17 22 18 21 19 22 18 23
16 22 17 22 17 23 16 23
17 21 18 21 18 22 17 22
16 20 17 19 18 20 17 21
15 20 15 19 16 19 16 20
16 21 16 20 17 20 17 21
15 22 16 21 17 22 16 23
14 22 15 22 15 23 14 23
15 21 16 21 16 22 15 22
13 21 14 22 13 23 12 22
14 20 15 19 16 20 15 21
14 21 14 20 15 20 15 21
13 22 13 21 14 21 14 22
12 23 12 22 13 22 13 23
12 20 13 19 14 20 13 21
13 20 13 21 12 21 12 20
14 19 14 20 13 20 13 19
11 24 12 23 13 24 12 25
11 23 12 23 12 24 11 24
11 22 12 21 13 22 12 23
11 21 12 21 12 22 11 22
10 24 11 23 12 24 11 25
10 25 10 24 11 24 11 25
10 22 11 21 12 22 11 23
10 23 10 22 11 22 11 23
9 26 10 25 11 26 10 27
9 25 10 25 10 26 9 26
9 24 10 23 11 24 10 25
9 23 10 23 10 24 9 24
8 26 9 25 10 26 9 27
8 27 8 26 9 26 9 27
8 24 9 23 10 24 9 25
8 25 8 24 9 24 9 25
7 28 8 27 9 28 8 29
7 27 8 27 8 28 7 28
7 26 8 25 9 26 8 27
7 25 8 25 8 26 7 26
6 26 7 25 8 26 7 27
6 27 6 26 7 26 7 27
15 18 17 16 18 17 16 19
14 18 15 18 15 19 14 19
14 17 15 18 14 19 13 18
13 17 14 17 14 18 13 18
12 18 13 17 14 18 13 19
12 19 12 18 13 18 13 19
11 20 12 19 13 20 12 21
11 19 12 19 12 20 11 20
10 20 11 19 12 20 11 21
10 21 10 20 11 20 11 21
9 22 10 21 11 22 10 23
9 21 10 21 10 22 9 22
8 22 9 21 10 22 9 23
8 23 8 22 9 22 9 23
7 24 8 23 9 24 8 25
7 23 8 23 8 24 7 24
6 24 7 23 8 24 7 25
6 25 6 24 7 24 7 25
5 26 6 25 7 26 6 27
5 25 6 25 6 26 5 26
15 17 18 17 18 18 15 18
16 18 15 19 14 18 15 17
17 17 18 18 17 19 16 18
16 16 17 15 18 16 17 17
16 15 17 15 17 16 16 16
17 14 18 15 17 16 16 15
17 13 18 13 18 14 17 14
17 12 18 13 17 14 16 13
16 12 17 12 17 13 16 13
16 14 17 13 18 14 17 15
15 14 15 13 16 13 16 14
17 11 18 12 17 13 16 12
18 11 18 12 17 12 17 11
15 12 16 13 15 14 14 13
14 12 15 12 15 13 14 13
19 10 20 11 19 12 18 11
18 10 19 10 19 11 18 11
15 11 16 12 15 13 14 12
16 11 16 12 15 12 15 11
19 9 20 10 19 11 18 10
20 9 20 10 19 10 19 9
17 10 18 11 17 12 16 11
16 10 17 10 17 11 16 11
21 8 22 9 21 10 20 9
20 8 21 8 21 9 20 9
17 9 18 10 17 11 16 10
18 9 18 10 17 10 17 9
21 7 22 8 21 9 20 8
22 7 22 8 21 8 21 7
19 8 20 9 19 10 18 9
18 8 19 8 19 9 18 9
23 6 24 7 23 8 22 7
22 6 23 6 23 7 22 7
19 7 20 8 19 9 18 8
20 7 20 8 19 8 19 7
23 5 24 6 23 7 22 6
24 5 24 6 23 6 23 5
21 6 22 7 21 8 20 7
20 6 21 6 21 7 20 7
25 4 26 5 25 6 24 5
24 4 25 4 25 5 24 5
21 5 22 6 21 7 20 6
22 5 22 6 21 6 21 5
23 4 24 5 23 6 22 5
22 4 23 4 23 5 22 5
23 3 24 4 23 5 22 4
24 3 24 4 23 4 23 3
13 16 15 14 16 15 14 17
35 36 35 33 36 33 36 36
14 14 15 14 15 17 14 17
13 13 14 14 13 15 12 14
13 14 13 13 14 13 14 14
12 15 12 14 13 14 13 15
15 15 14 14 15 13 16 14
11 14 12 13 13 14 12 15
11 13 12 13 12 14 11 14
14 16 15 15 16 16 15 17
12 16 13 15 14 16 13 17
12 17 12 16 13 16 13 17
11 18 12 17 13 18 12 19
11 17 12 17 12 18 11 18
11 16 12 15 13 16 12 17
11 15 12 15 12 16 11 16
10 18 11 17 12 18 11 19
10 19 10 18 11 18 11 19
10 16 11 15 12 16 11 17
10 17 10 16 11 16 11 17
10 14 11 13 12 14 11 15
10 15 10 14 11 14 11 15
9 20 10 19 11 20 10 21
9 19 10 19 10 20 9 20
9 18 10 17 11 18 10 19
9 17 10 17 10 18 9 18
9 16 10 15 11 16 10 17
9 15 10 15 10 16 9 16
8 20 9 19 10 20 9 21
8 21 8 20 9 20 9 21
8 18 9 17 10 18 9 19
8 19 8 18 9 18 9 19
8 16 9 15 10 16 9 17
8 17 8 16 9 16 9 17
7 22 8 21 9 22 8 23
7 21 8 21 8 22 7 22
7 20 8 19 9 20 8 21
7 19 8 19 8 20 7 20
7 18 8 17 9 18 8 19
7 17 8 17 8 18 7 18
6 22 7 21 8 22 7 23
6 23 6 22 7 22 7 23
6 20 7 19 8 20 7 21
6 21 6 20 7 20 7 21
6 18 7 17 8 18 7 19
6 19 6 18 7 18 7 19
5 24 6 23 7 24 6 25
5 23 6 23 6 24 5 24
5 22 6 21 7 22 6 23
5 21 6 21 6 22 5 22
5 20 6 19 7 20 6 21
5 19 6 19 6 20 5 20
4 24 5 23 6 24 5 25
4 25 4 24 5 24 5 25
4 22 5 21 6 22 5 23
4 23 4 22 5 22 5 23
4 20 5 19 6 20 5 21
4 21 4 20 5 20 5 21
3 24 4 23 5 24 4 25
3 23 4 23 4 24 3 24
3 22 4 21 5 22 4 23
3 21 4 21 4 22 3 22
2 22 3 21 4 22 3 23
2 23 2 22 3 22 3 23
34 37 32 35 33 34 35 36
35 37 34 37 34 36 35 36
35 35 36 36 35 37 34 36
36 34 35 35 34 34 35 33
12 35 13 34 14 35 13 36
12 34 13 34 13 35 12 35
