123
28 25 28 26 27 26 27 25
20 26 19 26 19 25 20 25
19 24 19 25 18 25 18 24
17 14 17 15 16 15 16 14
12 16 11 16 11 15 12 15
23 12 23 13 22 13 22 12
13 12 13 11 14 11 14 12
14 10 15 11 14 12 13 11
15 10 15 11 14 11 14 10
18 26 17 25 18 24 19 25
17 26 17 25 18 25 18 26
16 13 17 14 16 15 15 14
15 13 16 13 16 14 15 14
21 12 22 11 23 12 22 13
21 11 22 11 22 12 21 12
18 27 17 26 18 25 19 26
19 27 18 27 18 26 19 26
20 27 20 28 19 28 19 27
21 27 20 28 19 27 20 26
21 26 21 27 20 27 20 26
17 12 16 13 14 11 15 10
18 16 18 14 20 14 20 16
19 15 18 16 17 15 18 14
21 15 20 16 19 15 20 14
26 26 27 25 28 26 27 27
26 27 26 26 27 26 27 27
22 16 21 15 23 13 24 14
10 15 11 16 10 17 9 16
16 32 9 25 12 22 19 29
23 22 27 26 26 27 22 23
14 18 13 17 16 14 17 15
17 19 22 19 22 23 17 23
16 19 16 18 17 18 17 19
11 14 12 13 13 14 12 15
10 14 11 14 11 15 10 15
23 24 19 24 19 22 23 22
18 21 18 24 15 24 15 21
12 28 11 28 11 26 12 26
27 18 27 25 20 25 20 18
10 29 9 28 10 27 11 28
19 13 18 14 15 11 16 10
21 13 20 14 19 13 20 12
20 13 20 12 21 12 21 13
10 28 10 29 9 29 9 28
16 24 14 22 15 21 17 23
28 22 26 24 20 18 22 16
15 20 11 16 12 15 16 19
21 14 23 16 19 20 17 18
22 14 21 14 21 13 22 13
14 26 12 26 12 22 14 22
20 21 19 22 18 21 19 20
12 20 15 20 15 21 12 21
29 26 29 28 28 28 28 26
15 17 13 17 13 14 15 14
9 23 17 23 17 25 9 25
13 19 10 19 10 17 13 17
21 30 19 28 20 27 22 29
28 27 27 26 28 25 29 26
27 14 22 19 17 14 22 9
25 30 21 30 21 27 25 27
12 29 12 28 19 28 19 29
26 11 22 11 22 9 26 9
17 16 12 21 11 20 16 15
24 16 25 17 18 24 17 23
33 20 28 25 23 20 28 15
23 19 22 19 22 16 23 16
16 20 15 21 13 19 14 18
15 19 16 19 16 20 15 20
9 20 9 16 11 16 11 20
18 18 17 18 17 16 18 16
24 31 22 29 23 28 25 30
17 17 18 18 17 19 16 18
21 22 22 23 20 25 19 24
7 25 9 23 12 26 10 28
14 21 15 20 19 24 18 25
16 22 16 20 19 20 19 22
10 21 9 20 10 19 11 20
10 22 9 22 9 21 10 21
23 26 23 24 26 24 26 26
14 15 16 15 16 18 14 18
28 20 28 22 23 22 23 20
14 13 15 14 14 15 13 14
15 12 15 13 14 13 14 12
23 14 27 18 23 22 19 18
24 13 24 14 23 14 23 13
33 15 29 19 24 14 28 10
7 28 7 25 9 25 9 28
27 16 24 16 24 14 27 14
8 22 9 21 10 22 9 23
8 23 8 22 9 22 9 23
19 10 21 12 20 13 18 11
17 11 17 12 15 12 15 11
7 24 8 23 11 26 10 27
25 10 26 11 24 13 23 12
8 20 12 16 13 17 9 21
8 21 8 20 9 20 9 21
15 27 14 26 16 24 17 25
14 27 14 26 15 26 15 27
7 22 8 21 9 22 8 23
7 21 8 21 8 22 7 22
18 12 18 14 17 14 17 12
26 31 25 30 28 27 29 28
33 10 33 15 28 15 28 10
12 24 10 22 12 20 14 22
11 12 13 12 13 14 11 14
20 11 20 12 18 12 18 11
12 11 13 12 12 13 11 12
32 9 33 10 28 15 27 14
3 24 10 17 14 21 7 28
13 26 14 27 12 29 11 28
3 25 3 24 7 24 7 25
14 25 13 26 9 22 10 21
24 28 16 20 17 19 25 27
16 25 15 26 14 25 15 24
4 26 3 25 7 21 8 22
23 31 23 28 24 28 24 31
24 32 23 31 27 27 28 28
22 32 19 29 20 28 23 31
19 32 19 29 22 29 22 32
26 32 24 32 24 31 26 31
20 31 19 32 14 27 15 26
33 25 26 32 21 27 28 20
33 22 33 25 28 25 28 22
