76
31 20 32 21 31 22 30 21
36 10 40 14 26 28 22 24
41 10 41 17 36 17 36 10
38 7 41 10 32 19 29 16
16 15 16 14 17 14 17 15
14 15 16 15 16 25 14 25
11 20 16 15 21 20 16 25
29 9 34 14 29 19 24 14
14 40 22 40 22 43 14 43
43 17 43 21 41 21 41 17
16 42 14 40 22 32 24 34
17 42 17 27 19 27 19 42
23 48 17 42 23 36 29 42
14 37 14 35 40 35 40 37
3 26 14 15 25 26 14 37
45 26 38 33 30 25 37 18
45 40 44 40 44 26 45 26
44 35 42 37 40 35 42 33
40 18 41 17 44 20 43 21
40 15 44 15 44 18 40 18
39 14 40 15 37 18 36 17
39 15 39 14 40 14 40 15
14 26 16 26 16 33 14 33
3 25 14 25 14 26 3 26
25 44 25 43 29 43 29 44
44 31 43 32 34 23 35 22
31 44 29 42 38 33 40 35
35 44 31 44 31 22 35 22
36 45 35 44 42 37 43 38
14 28 16 26 17 27 15 29
34 15 24 15 24 14 34 14
19 18 37 18 37 27 19 27
16 34 35 15 41 21 22 40
16 41 16 34 24 34 24 41
15 44 14 43 16 41 17 42
21 19 23 19 23 20 21 20
10 22 17 15 21 19 14 26
10 38 10 22 27 22 27 38
42 27 42 30 37 30 37 27
31 16 42 27 25 44 14 33
31 9 31 16 29 16 29 9
25 42 24 41 27 38 28 39
26 17 36 17 36 28 26 28
21 18 24 15 26 17 23 20
23 16 29 16 29 19 23 19
41 34 32 34 32 21 41 21
23 18 27 22 25 24 21 20
39 22 35 22 35 15 39 15
18 25 18 21 30 21 30 25
18 26 16 26 16 25 18 25
18 29 18 26 25 26 25 29
18 44 15 44 15 29 18 29
21 47 18 44 22 40 25 43
11 47 11 20 21 20 21 47
13 49 11 47 16 42 18 44
18 28 17 27 18 26 19 27
20 23 23 20 40 37 37 40
16 23 18 21 20 23 18 25
30 19 32 19 32 21 30 21
28 20 29 19 37 27 36 28
24 31 23 30 29 24 30 25
22 33 24 31 29 36 27 38
37 33 37 40 22 40 22 33
51 33 44 40 37 33 44 26
51 30 51 33 42 33 42 30
53 32 45 40 43 38 51 30
53 38 43 38 43 32 53 32
26 36 29 36 29 42 26 42
30 28 21 19 31 9 40 18
28 30 23 30 23 20 28 20
34 32 32 34 28 30 30 28
43 23 43 32 34 32 34 23
46 20 43 23 41 21 44 18
46 18 46 20 44 20 44 18
29 26 25 26 25 24 29 24
27 31 25 29 26 28 28 30
