59
10 18 11 18 11 19 10 19
9 19 10 18 11 19 10 20
9 20 9 19 10 19 10 20
9 18 10 19 9 20 8 19
8 18 9 18 9 19 8 19
10 23 8 21 9 20 11 22
10 22 11 22 11 23 10 23
10 24 9 23 10 22 11 23
9 24 9 23 10 23 10 24
7 15 11 11 12 12 8 16
8 15 8 16 7 16 7 15
8 17 7 16 8 15 9 16
9 17 8 17 8 16 9 16
10 17 10 18 9 18 9 17
7 17 8 16 9 17 8 18
7 18 7 17 8 17 8 18
13 22 10 19 11 18 14 21
14 22 13 22 13 21 14 21
15 19 16 20 14 22 13 21
13 19 13 15 15 15 15 19
12 20 11 19 12 18 13 19
11 21 11 19 13 19 13 21
9 21 10 20 11 21 10 22
8 20 9 20 9 21 8 21
12 22 11 21 12 20 13 21
7 19 8 18 9 19 8 20
7 20 7 19 8 19 8 20
6 19 7 18 8 19 7 20
6 18 7 18 7 19 6 19
18 11 11 18 10 17 17 10
15 11 18 11 18 15 15 15
13 13 15 11 17 13 15 15
13 10 17 10 17 13 13 13
12 9 13 8 14 9 13 10
12 11 12 9 14 9 14 11
11 12 11 11 12 11 12 12
13 12 12 11 13 10 14 11
10 11 11 10 12 11 11 12
10 10 11 10 11 11 10 11
11 8 13 8 13 10 11 10
10 9 11 8 12 9 11 10
23 10 23 11 18 11 18 10
19 6 23 10 18 15 14 11
19 9 18 10 16 8 17 7
16 18 16 20 12 20 12 18
18 7 18 10 17 10 17 7
22 7 22 14 21 14 21 7
25 10 21 14 18 11 22 7
25 7 25 10 23 10 23 7
14 6 19 6 19 9 14 9
15 7 11 11 10 10 14 6
8 13 13 13 13 15 8 15
21 13 16 18 13 15 18 10
24 12 22 14 21 13 23 11
12 14 13 15 10 18 9 17
11 14 12 14 12 18 11 18
19 22 11 14 13 12 21 20
19 23 14 23 14 22 19 22
25 17 19 23 16 20 22 14
