62
24 16 25 15 26 16 25 17
25 19 26 20 25 21 24 20
26 18 25 19 24 18 25 17
19 17 25 17 25 19 19 19
30 6 41 17 30 28 19 17
13 6 30 6 30 28 13 28
16 3 37 24 34 27 13 6
33 41 33 39 38 39 38 41
31 48 19 36 26 29 38 41
25 3 25 15 16 15 16 3
26 48 14 36 21 29 33 41
28 48 26 48 26 41 28 41
9 33 19 23 25 29 15 39
14 29 19 29 19 36 14 36
9 34 9 33 33 33 33 34
21 46 9 34 14 29 26 41
31 45 28 48 19 39 22 36
31 46 26 41 33 34 38 39
21 45 31 45 31 46 21 46
23 47 21 45 33 33 35 35
21 37 21 29 25 29 25 37
14 45 14 37 21 37 21 45
11 42 31 22 34 25 14 45
26 21 26 29 25 29 25 21
26 7 33 14 26 21 19 14
41 7 41 16 26 16 26 7
36 2 41 7 24 24 19 19
39 2 39 18 36 18 36 2
17 20 17 18 24 18 24 20
19 22 18 23 16 21 17 20
18 22 19 22 19 23 18 23
46 9 26 29 19 22 39 2
42 24 39 27 34 22 37 19
45 31 40 36 27 23 32 18
42 19 42 24 37 24 37 19
40 17 41 17 41 36 40 36
43 18 42 19 40 17 41 16
31 20 31 21 26 21 26 20
36 15 37 14 40 17 39 18
29 8 36 15 31 20 24 13
14 16 14 13 24 13 24 16
43 27 39 27 39 18 43 18
27 17 25 17 25 15 27 15
28 16 27 17 26 16 27 15
31 25 31 22 34 22 34 25
22 39 19 39 19 36 22 36
29 17 34 22 31 25 26 20
40 8 40 17 29 17 29 8
19 24 14 29 13 28 18 23
24 23 24 24 19 24 19 23
39 38 24 23 26 21 41 36
19 27 25 21 27 23 21 29
34 38 34 27 39 27 39 38
27 31 34 38 33 39 26 32
45 23 45 31 27 31 27 23
21 27 21 29 19 29 19 27
17 27 19 25 21 27 19 29
23 17 24 18 19 23 18 22
17 25 19 25 19 27 17 27
33 19 33 14 37 14 37 19
31 32 26 32 26 29 31 29
30 22 26 18 27 17 31 21
