43
22 22 26 22 26 23 22 23
20 21 18 21 18 18 20 18
19 15 17 13 19 11 21 13
15 31 9 25 19 15 25 21
15 15 18 18 17 19 14 16
15 11 19 11 19 14 15 14
10 31 10 15 15 15 15 31
17 22 10 15 11 14 18 21
28 16 22 22 18 18 24 12
17 20 22 20 22 22 17 22
21 19 22 20 17 25 16 24
21 22 23 20 24 21 22 23
20 12 24 12 24 18 20 18
26 13 26 19 21 19 21 13
28 21 26 23 24 21 26 19
18 31 13 26 17 22 22 27
18 17 18 18 9 18 9 17
28 24 25 24 25 21 28 21
22 26 13 26 13 23 22 23
23 17 23 20 22 20 22 17
25 18 25 21 24 21 24 18
22 16 23 17 21 19 20 18
11 32 10 31 20 21 21 22
24 24 26 22 28 24 26 26
23 27 22 27 22 26 23 26
18 16 22 16 22 17 18 17
20 19 25 24 23 26 18 21
13 13 15 11 17 13 15 15
28 11 28 16 22 16 22 11
16 32 11 32 11 24 16 24
13 19 13 13 17 13 17 19
9 19 13 19 13 23 9 23
8 16 12 12 13 13 9 17
20 24 20 21 24 21 24 24
8 11 14 11 14 16 8 16
25 14 22 17 19 14 22 11
11 8 14 11 11 14 8 11
17 33 16 32 22 26 23 27
8 21 15 14 18 17 11 24
25 15 19 15 19 14 25 14
16 9 25 18 23 20 14 11
26 16 24 18 23 17 25 15
9 33 9 25 17 25 17 33
