478
16 39 16 38 17 38 17 39
21 37 20 37 20 36 21 36
20 35 20 36 19 36 19 35
36 29 36 30 35 30 35 29
28 30 27 30 27 29 28 29
17 28 17 29 16 29 16 28
15 30 15 29 16 29 16 30
29 21 30 21 30 22 29 22
28 22 27 22 27 21 28 21
28 23 28 22 29 22 29 23
16 22 15 22 15 21 16 21
34 19 34 20 33 20 33 19
14 21 14 20 15 20 15 21
31 18 31 17 32 17 32 18
16 14 17 14 17 15 16 15
15 13 16 13 16 14 15 14
18 13 18 14 17 14 17 13
25 14 25 13 26 13 26 14
18 15 17 16 16 15 17 14
18 16 17 16 17 15 18 15
30 18 31 17 32 18 31 19
30 19 30 18 31 18 31 19
16 20 15 21 14 20 15 19
16 19 16 20 15 20 15 19
29 20 30 21 29 22 28 21
28 20 29 20 29 21 28 21
33 23 34 24 33 25 32 24
14 28 15 27 16 28 15 29
18 28 17 29 16 28 17 27
18 27 18 28 17 28 17 27
15 31 14 30 15 29 16 30
14 31 14 30 15 30 15 31
17 31 16 30 17 29 18 30
35 31 34 30 35 29 36 30
34 31 34 30 35 30 35 31
20 30 19 31 18 30 19 29
19 30 19 29 20 29 20 30
18 31 18 30 19 30 19 31
21 31 20 31 20 30 21 30
27 28 28 29 27 30 26 29
26 28 27 28 27 29 26 29
18 36 19 35 20 36 19 37
18 37 18 36 19 36 19 37
22 37 21 38 20 37 21 36
22 38 21 38 21 37 22 37
17 40 16 39 17 38 18 39
18 40 17 40 17 39 18 39
21 35 22 36 21 37 20 36
22 35 22 36 21 36 21 35
37 30 36 31 35 30 36 29
37 31 36 31 36 30 37 30
26 30 27 29 28 30 27 31
26 31 26 30 27 30 27 31
13 20 14 19 15 20 14 21
13 19 14 19 14 20 13 20
17 12 18 13 17 14 16 13
16 12 17 12 17 13 16 13
17 20 16 21 15 20 16 19
17 21 16 21 16 20 17 20
29 18 30 19 29 20 28 19
30 17 30 18 29 18 29 17
34 29 35 30 34 31 33 30
33 29 34 29 34 30 33 30
19 38 18 37 19 36 20 37
20 38 19 38 19 37 20 37
21 39 20 39 20 38 21 38
18 38 19 38 19 39 18 39
17 37 18 37 18 38 17 38
21 34 22 35 21 36 20 35
20 34 21 34 21 35 20 35
21 33 22 33 22 34 21 34
31 16 32 17 31 18 30 17
30 16 31 16 31 17 30 17
33 31 32 30 33 29 34 30
32 31 32 30 33 30 33 31
34 32 33 32 33 31 34 31
19 40 18 39 19 38 20 39
20 40 19 40 19 39 20 39
20 33 21 32 22 33 21 34
20 32 21 32 21 33 20 33
19 32 19 31 20 31 20 32
19 41 18 40 19 39 20 40
18 41 18 40 19 40 19 41
30 30 31 29 32 30 31 31
31 30 31 31 30 31 30 30
32 29 32 30 31 30 31 29
33 28 33 29 32 29 32 28
14 15 15 14 16 15 15 16
14 16 13 16 13 15 14 15
19 15 18 16 17 15 18 14
19 14 19 15 18 15 18 14
19 16 18 15 19 14 20 15
20 16 19 16 19 15 20 15
23 27 23 26 24 26 24 27
23 25 24 26 23 27 22 26
18 12 19 13 18 14 17 13
19 12 19 13 18 13 18 12
20 13 19 14 18 13 19 12
20 14 19 14 19 13 20 13
29 30 30 29 31 30 30 31
29 29 30 29 30 30 29 30
29 31 28 30 29 29 30 30
28 31 28 30 29 30 29 31
27 32 26 31 27 30 28 31
28 32 27 32 27 31 28 31
26 32 27 32 27 33 26 33
22 31 21 32 20 31 21 30
22 32 21 32 21 31 22 31
23 32 23 33 22 33 22 32
19 33 20 32 21 33 20 34
19 34 19 33 20 33 20 34
18 35 19 34 20 35 19 36
18 34 19 34 19 35 18 35
23 38 24 37 25 38 24 39
22 29 21 30 20 29 21 28
21 29 22 29 22 30 21 30
20 28 21 28 21 29 20 29
19 27 20 28 19 29 18 28
22 28 23 29 22 30 21 29
23 28 23 29 22 29 22 28
22 27 23 26 24 27 23 28
21 27 22 27 22 28 21 28
21 25 22 26 21 27 20 26
22 24 21 25 20 24 21 23
23 23 24 24 23 25 22 24
23 24 23 23 24 23 24 24
22 25 22 24 23 24 23 25
21 26 21 25 22 25 22 26
20 27 20 26 21 26 21 27
19 28 19 27 20 27 20 28
18 29 18 28 19 28 19 29
17 30 17 29 18 29 18 30
16 31 16 30 17 30 17 31
19 26 20 27 19 28 18 27
18 26 19 26 19 27 18 27
19 25 20 26 19 27 18 26
20 25 20 26 19 26 19 25
21 24 21 25 20 25 20 24
22 23 22 24 21 24 21 23
22 22 23 22 23 23 22 23
19 23 20 24 19 25 18 24
18 33 19 32 20 33 19 34
18 32 19 32 19 33 18 33
17 32 17 31 18 31 18 32
17 35 18 36 17 37 16 36
17 36 17 35 18 35 18 36
16 37 16 36 17 36 17 37
24 25 23 26 22 25 23 24
23 31 22 32 21 31 22 30
23 30 23 31 22 31 22 30
24 31 23 32 22 31 23 30
24 32 23 32 23 31 24 31
24 29 23 30 22 29 23 28
24 30 23 30 23 29 24 29
25 31 24 32 23 31 24 30
25 30 25 31 24 31 24 30
25 29 26 29 26 30 25 30
25 32 25 31 26 31 26 32
25 28 26 29 25 30 24 29
24 28 25 28 25 29 24 29
25 27 26 28 25 29 24 28
26 27 26 28 25 28 25 27
25 26 26 27 25 28 24 27
25 25 25 26 24 26 24 25
26 26 25 27 24 26 25 25
26 24 25 25 24 24 25 23
17 33 18 32 19 33 18 34
17 34 17 33 18 33 18 34
15 32 14 31 15 30 16 31
16 32 15 32 15 31 16 31
16 33 16 32 17 32 17 33
16 35 17 34 18 35 17 36
15 36 15 35 16 35 16 36
16 34 17 34 17 35 16 35
15 33 16 32 17 33 16 34
15 34 15 33 16 33 16 34
14 35 15 34 16 35 15 36
14 34 15 34 15 35 14 35
14 33 15 32 16 33 15 34
14 32 15 32 15 33 14 33
13 33 14 32 15 33 14 34
13 34 13 33 14 33 14 34
32 32 33 31 34 32 33 33
31 32 31 31 32 31 32 32
32 33 32 32 33 32 33 33
32 34 31 34 31 33 32 33
30 33 31 32 32 33 31 34
30 32 31 32 31 33 30 33
29 32 29 31 30 31 30 32
29 33 28 32 29 31 30 32
28 33 28 32 29 32 29 33
30 34 29 34 29 33 30 33
31 35 30 35 30 34 31 34
27 34 26 33 27 32 28 33
28 34 27 34 27 33 28 33
29 35 28 34 29 33 30 34
28 35 28 34 29 34 29 35
29 36 28 35 29 34 30 35
30 36 29 36 29 35 30 35
33 35 32 34 33 33 34 34
34 35 34 36 33 36 33 35
35 14 34 14 34 13 35 13
21 15 20 16 19 15 20 14
21 14 21 15 20 15 20 14
21 16 20 15 21 14 22 15
22 16 21 16 21 15 22 15
20 17 20 16 21 16 21 17
22 17 21 18 20 17 21 16
23 17 22 17 22 16 23 16
22 18 21 18 21 17 22 17
35 36 34 37 33 36 34 35
35 37 34 37 34 36 35 36
35 35 36 36 35 37 34 36
35 34 35 35 34 35 34 34
36 35 36 36 35 36 35 35
37 36 36 37 35 36 36 35
37 37 36 37 36 36 37 36
14 39 13 39 13 38 14 38
34 17 32 17 32 14 34 14
15 17 14 16 16 14 17 15
14 17 14 16 15 16 15 17
14 37 16 37 16 38 14 38
15 38 14 37 15 36 16 37
15 40 14 39 15 38 16 39
17 23 18 24 15 27 14 26
18 22 17 23 16 22 17 21
26 35 25 36 22 33 23 32
27 36 26 35 27 34 28 35
25 18 25 23 24 23 24 18
41 21 38 24 34 20 37 17
32 25 32 28 27 28 27 25
33 24 33 25 32 25 32 24
34 23 34 24 33 24 33 23
34 25 33 26 32 25 33 24
34 26 33 26 33 25 34 25
35 27 33 29 32 28 34 26
34 27 34 26 35 26 35 27
35 28 34 29 33 28 34 27
34 28 35 28 35 29 34 29
33 27 34 27 34 28 33 28
36 27 37 28 36 29 35 28
36 28 35 28 35 27 36 27
37 29 36 29 36 28 37 28
38 30 37 31 36 30 37 29
38 29 38 30 37 30 37 29
38 28 39 28 39 29 38 29
38 31 37 30 38 29 39 30
39 31 38 31 38 30 39 30
38 27 39 28 38 29 37 28
37 27 38 27 38 28 37 28
37 26 37 27 36 27 36 26
40 30 39 31 38 30 39 29
40 29 40 30 39 30 39 29
36 25 37 26 36 27 35 26
35 25 36 25 36 26 35 26
35 24 35 25 34 25 34 24
36 23 37 24 36 25 35 24
27 18 28 19 24 23 23 22
36 34 35 34 35 31 36 31
37 35 36 34 37 33 38 34
37 34 37 35 36 35 36 34
38 33 38 34 37 34 37 33
36 33 37 34 36 35 35 34
35 33 36 34 35 35 34 34
36 32 35 33 34 32 35 31
38 32 37 33 36 32 37 31
37 32 37 31 38 31 38 32
35 32 36 31 37 32 36 33
39 32 38 33 37 32 38 31
39 33 38 33 38 32 39 32
34 33 33 32 34 31 35 32
33 34 33 33 34 33 34 34
32 35 32 34 33 34 33 35
40 32 39 33 38 32 39 31
40 31 40 32 39 32 39 31
31 36 30 35 31 34 32 35
32 36 31 36 31 35 32 35
31 37 30 37 30 36 31 36
41 30 40 31 39 30 40 29
41 31 40 31 40 30 41 30
33 37 32 36 33 35 34 36
32 37 32 36 33 36 33 37
31 38 30 37 31 36 32 37
32 38 31 38 31 37 32 37
38 36 37 37 36 36 37 35
38 35 38 36 37 36 37 35
39 34 38 35 37 34 38 33
39 35 38 35 38 34 39 34
40 34 39 35 38 34 39 33
40 33 40 34 39 34 39 33
41 32 40 33 39 32 40 31
41 33 40 33 40 32 41 32
42 32 41 33 40 32 41 31
42 31 42 32 41 32 41 31
20 20 19 19 21 17 22 18
21 21 20 21 20 20 21 20
20 22 21 21 22 22 21 23
19 21 20 22 19 23 18 22
19 22 19 21 20 21 20 22
18 23 18 22 19 22 19 23
17 24 17 23 18 23 18 24
17 17 20 17 20 20 17 20
19 17 18 18 17 17 18 16
18 19 20 21 19 22 17 20
19 18 19 19 18 19 18 18
18 17 19 16 20 17 19 18
15 18 17 16 18 17 16 19
14 18 15 18 15 19 14 19
13 18 14 17 15 18 14 19
13 17 14 17 14 18 13 18
16 18 15 19 14 18 15 17
16 17 16 18 15 18 15 17
16 16 17 16 17 17 16 17
15 15 16 15 16 16 15 16
14 14 15 14 15 15 14 15
12 18 13 17 14 18 13 19
12 19 12 18 13 18 13 19
12 16 13 15 14 16 13 17
12 17 12 16 13 16 13 17
11 18 12 17 13 18 12 19
11 17 12 17 12 18 11 18
12 14 13 13 14 14 13 15
29 16 29 13 30 13 30 16
28 17 29 16 30 17 29 18
28 16 29 16 29 17 28 17
29 15 30 16 29 17 28 16
27 19 29 17 30 18 28 20
27 20 27 19 28 19 28 20
26 18 27 19 23 23 22 22
26 19 26 18 27 18 27 19
26 16 26 18 25 18 25 16
25 15 26 16 24 18 23 17
24 14 25 13 26 14 25 15
24 15 24 14 25 14 25 15
23 14 24 15 23 16 22 15
26 15 25 16 24 15 25 14
28 15 28 16 26 16 26 15
23 13 24 14 22 16 21 15
24 13 24 14 23 14 23 13
25 12 26 13 25 14 24 13
24 12 25 12 25 13 24 13
28 11 30 13 28 15 26 13
30 24 30 26 26 26 26 24
31 23 30 24 29 23 30 22
32 22 32 24 30 24 30 22
23 39 22 38 27 33 28 34
22 39 22 38 23 38 23 39
21 40 20 39 21 38 22 39
22 40 21 40 21 39 22 39
21 41 20 40 21 39 22 40
20 41 20 40 21 40 21 41
19 42 18 41 19 40 20 41
20 42 19 42 19 41 20 41
27 23 27 25 25 25 25 23
26 22 27 21 28 22 27 23
28 24 27 25 26 24 27 23
29 27 30 26 32 28 31 29
29 37 30 37 30 39 29 39
28 36 29 35 30 36 29 37
27 35 28 35 28 36 27 36
26 34 27 34 27 35 26 35
28 37 28 36 29 36 29 37
27 38 26 37 27 36 28 37
29 38 28 37 29 36 30 37
29 40 28 39 29 38 30 39
28 40 28 39 29 39 29 40
33 15 31 17 30 16 32 14
28 26 29 27 27 29 26 28
27 24 28 23 33 28 32 29
26 23 27 24 25 26 24 25
13 37 15 35 16 36 14 38
31 21 33 19 34 20 32 22
30 20 31 21 30 22 29 21
29 19 30 19 30 20 29 20
28 18 29 18 29 19 28 19
27 17 28 17 28 18 27 18
31 20 31 21 30 21 30 20
27 15 28 16 27 17 26 16
32 19 31 20 30 19 31 18
33 18 33 19 32 19 32 18
32 20 31 20 31 19 32 19
33 16 34 17 33 18 32 17
37 18 36 19 34 17 35 16
33 22 32 22 32 20 33 20
32 23 33 22 34 23 33 24
31 22 32 23 27 28 26 27
32 21 31 22 30 21 31 20
34 21 33 22 32 21 33 20
28 27 29 27 29 29 28 29
28 12 29 13 27 15 26 14
29 12 29 13 28 13 28 12
25 11 28 11 28 12 25 12
26 12 25 13 24 12 25 11
37 16 39 18 36 21 34 19
36 17 36 16 37 16 37 17
22 20 23 19 26 22 25 23
22 19 23 19 23 20 22 20
20 19 21 18 22 19 21 20
31 26 31 29 30 29 30 26
23 21 23 20 27 20 27 21
18 25 18 26 14 26 14 25
19 24 19 25 18 25 18 24
20 23 20 24 19 24 19 23
21 22 21 23 20 23 20 22
22 21 22 22 21 22 21 21
23 34 23 33 26 33 26 34
23 35 22 35 22 34 23 34
24 34 23 35 22 34 23 33
27 41 22 36 23 35 28 40
25 41 25 38 27 38 27 41
24 42 22 40 23 39 25 41
23 42 23 39 24 39 24 42
22 43 20 41 21 40 23 42
24 17 25 18 23 20 22 19
23 18 23 17 24 17 24 18
38 26 37 26 37 24 38 24
37 25 38 26 37 27 36 26
38 21 36 23 34 21 36 19
15 23 18 26 17 27 14 24
14 22 15 21 16 22 15 23
14 23 14 22 15 22 15 23
13 22 14 21 15 22 14 23
13 21 14 21 14 22 13 22
12 20 13 19 14 20 13 21
12 21 12 20 13 20 13 21
11 20 12 19 13 20 12 21
11 19 12 19 12 20 11 20
10 18 11 17 12 18 11 19
10 19 10 18 11 18 11 19
13 29 13 27 15 27 15 29
12 28 13 27 14 28 13 29
15 24 17 24 17 27 15 27
13 24 14 23 15 24 14 25
13 23 14 23 14 24 13 24
12 22 13 21 14 22 13 23
12 23 12 22 13 22 13 23
11 22 12 21 13 22 12 23
11 21 12 21 12 22 11 22
10 20 11 19 12 20 11 21
10 21 10 20 11 20 11 21
9 20 10 19 11 20 10 21
9 19 10 19 10 20 9 20
12 26 14 26 14 28 12 28
13 25 14 26 13 27 12 26
12 24 13 23 14 24 13 25
12 25 12 24 13 24 13 25
11 24 12 23 13 24 12 25
11 23 12 23 12 24 11 24
10 22 11 21 12 22 11 23
10 23 10 22 11 22 11 23
9 22 10 21 11 22 10 23
9 21 10 21 10 22 9 22
8 20 9 19 10 20 9 21
8 21 8 20 9 20 9 21
11 26 12 25 16 29 15 30
11 25 12 25 12 26 11 26
10 24 11 23 12 24 11 25
10 25 10 24 11 24 11 25
9 24 10 23 11 24 10 25
9 23 10 23 10 24 9 24
8 22 9 21 10 22 9 23
8 23 8 22 9 22 9 23
7 22 8 21 9 22 8 23
7 21 8 21 8 22 7 22
41 24 38 24 38 21 41 21
40 23 41 24 38 27 37 26
30 40 29 39 31 37 32 38
23 36 25 36 25 38 23 38
13 35 14 35 14 37 13 37
39 17 39 18 37 18 37 17
24 35 26 35 26 37 24 37
26 39 26 37 28 37 28 39
27 40 26 39 27 38 28 39
35 18 37 18 37 24 35 24
32 15 34 13 35 14 33 16
36 20 36 21 34 21 34 20
36 14 36 16 35 16 35 14
35 15 34 14 35 13 36 14
