121
30 29 30 28 31 28 31 29
32 25 32 26 31 26 31 25
24 24 25 24 25 25 24 25
29 21 30 21 30 22 29 22
12 11 12 10 13 10 13 11
33 31 32 32 31 31 32 30
23 25 24 24 25 25 24 26
23 26 23 25 24 25 24 26
31 14 30 15 29 14 30 13
30 14 31 14 31 15 30 15
29 13 30 13 30 14 29 14
19 23 20 24 19 25 18 24
19 24 19 23 20 23 20 24
18 25 18 24 19 24 19 25
28 21 25 24 23 22 26 19
29 20 30 21 29 22 28 21
28 20 29 20 29 21 28 21
28 23 29 22 32 25 31 26
28 22 29 22 29 23 28 23
27 21 28 20 29 21 28 22
27 22 27 21 28 21 28 22
26 26 25 25 28 22 29 23
25 26 25 25 26 25 26 26
24 27 23 26 24 25 25 26
25 27 24 27 24 26 25 26
26 28 25 27 26 26 27 27
22 27 19 24 20 23 23 26
23 27 22 27 22 26 23 26
24 28 23 27 24 26 25 27
23 28 23 27 24 27 24 28
16 21 19 24 18 25 15 22
16 22 15 22 15 21 16 21
21 27 16 27 16 22 21 22
22 28 21 27 22 26 23 27
21 28 21 27 22 27 22 28
22 29 21 28 22 27 23 28
23 29 22 29 22 28 23 28
22 30 21 29 22 28 23 29
21 30 21 29 22 29 22 30
22 18 17 23 16 22 21 17
21 18 21 17 22 17 22 18
23 18 22 19 21 18 22 17
23 19 22 19 22 18 23 18
21 19 22 19 22 22 21 22
20 18 21 18 21 19 20 19
26 20 25 21 23 19 24 18
27 20 27 21 26 21 26 20
13 30 16 27 17 28 14 31
23 20 23 19 26 19 26 20
29 27 31 25 32 26 30 28
33 29 33 31 31 31 31 29
32 28 33 29 32 30 31 29
29 28 29 32 26 32 26 28
30 27 30 28 29 28 29 27
32 27 31 28 30 27 31 26
31 27 32 27 32 28 31 28
30 26 31 26 31 27 30 27
13 25 18 25 18 30 13 30
12 25 12 24 13 24 13 25
28 33 23 28 24 27 29 32
16 28 19 25 21 27 18 30
9 31 17 23 18 24 10 32
10 31 10 25 12 25 12 31
9 32 9 31 10 31 10 32
27 33 26 32 30 28 31 29
28 27 28 33 27 33 27 27
29 26 30 27 29 28 28 27
28 26 29 26 29 27 28 27
28 28 27 27 28 26 29 27
22 6 29 13 24 18 17 11
30 6 30 10 22 10 22 6
8 19 10 17 15 22 13 24
8 21 8 19 11 19 11 21
12 12 13 11 14 12 13 13
17 33 16 32 18 30 19 31
17 32 16 32 16 28 17 28
23 33 17 33 17 32 23 32
26 36 23 33 28 28 31 31
11 16 17 16 17 19 11 19
20 7 25 12 16 21 11 16
32 24 31 25 29 23 30 22
10 23 8 21 14 15 16 17
12 15 12 12 14 12 14 15
24 12 24 18 23 18 23 12
28 4 30 6 24 12 22 10
27 4 28 4 28 20 27 20
31 8 22 17 18 13 27 4
12 26 13 25 16 28 15 29
29 16 30 15 31 16 30 17
31 20 29 20 29 16 31 16
14 27 12 25 13 24 15 26
14 28 14 27 16 27 16 28
30 23 30 26 29 26 29 23
17 13 13 13 13 11 17 11
16 14 21 14 21 17 16 17
15 11 17 13 16 14 14 12
27 28 25 26 26 25 28 27
18 15 21 18 20 19 17 16
14 24 14 15 18 15 18 24
13 23 15 21 16 22 14 24
10 22 11 21 13 23 12 24
13 22 13 23 10 23 10 22
20 29 17 32 10 25 13 22
20 28 21 28 21 29 20 29
26 24 25 24 25 21 26 21
31 24 31 25 26 25 26 24
32 20 32 24 31 24 31 20
31 19 32 20 30 22 29 21
22 15 30 15 30 17 22 17
22 13 22 15 18 15 18 13
18 11 19 10 22 13 21 14
30 19 29 20 22 13 23 12
22 25 22 22 23 22 23 25
19 26 19 25 22 25 22 26
19 29 15 29 15 26 19 26
20 31 19 31 19 29 20 29
22 33 20 31 21 30 23 32
21 23 23 25 22 26 20 24
18 18 22 22 21 23 17 19
20 21 22 19 23 20 21 22
17 21 17 19 20 19 20 21
