444
14 32 15 32 15 33 14 33
15 31 16 31 16 32 15 32
16 30 17 30 17 31 16 31
19 29 20 29 20 30 19 30
17 29 18 29 18 30 17 30
15 28 15 29 14 29 14 28
13 28 13 29 12 29 12 28
13 27 14 27 14 28 13 28
26 24 27 24 27 25 26 25
14 24 15 24 15 25 14 25
27 23 28 23 28 24 27 24
30 22 31 22 31 23 30 23
25 22 25 23 24 23 24 22
24 24 23 24 23 23 24 23
32 21 32 22 31 22 31 21
14 23 14 22 15 22 15 23
13 24 13 23 14 23 14 24
18 17 18 18 17 18 17 17
21 17 20 17 20 16 21 16
22 18 21 18 21 17 22 17
33 14 33 15 32 15 32 14
31 15 30 15 30 14 31 14
31 16 30 15 31 14 32 15
32 16 31 16 31 15 32 15
30 17 30 16 31 16 31 17
30 18 29 17 30 16 31 17
29 18 29 17 30 17 30 18
13 21 14 20 15 21 14 22
33 21 32 22 31 21 32 20
33 20 33 21 32 21 32 20
31 24 30 23 31 22 32 23
32 24 31 24 31 23 32 23
27 26 26 25 27 24 28 25
28 26 27 26 27 25 28 25
24 28 23 27 24 26 25 27
12 30 11 29 12 28 13 29
11 30 11 29 12 29 12 30
14 30 13 29 14 28 15 29
13 30 13 29 14 29 14 30
13 31 12 31 12 30 13 30
19 28 20 29 19 30 18 29
18 28 19 28 19 29 18 29
18 31 19 30 20 31 19 32
19 31 18 31 18 30 19 30
20 32 19 32 19 31 20 31
16 34 15 33 16 32 17 33
21 29 20 30 19 29 20 28
21 28 21 29 20 29 20 28
16 28 17 29 16 30 15 29
14 26 13 25 14 24 15 25
13 26 13 25 14 25 14 26
28 22 29 23 28 24 27 23
29 22 29 23 28 23 28 22
29 21 30 21 30 22 29 22
30 24 29 23 30 22 31 23
29 24 29 23 30 23 30 24
29 25 28 25 28 24 29 24
31 20 32 21 31 22 30 21
30 20 31 20 31 21 30 21
16 23 15 24 14 23 15 22
16 24 15 24 15 23 16 23
34 13 33 14 32 13 33 12
29 15 30 14 31 15 30 16
29 16 29 15 30 15 30 16
31 18 30 17 31 16 32 17
32 18 31 18 31 17 32 17
30 25 31 24 32 25 31 26
31 25 30 25 30 24 31 24
32 26 31 26 31 25 32 25
33 23 32 24 31 23 32 22
33 22 33 23 32 23 32 22
10 31 11 30 12 31 11 32
17 32 16 31 17 30 18 31
18 32 17 32 17 31 18 31
16 33 16 32 17 32 17 33
15 34 15 33 16 33 16 34
21 31 20 32 19 31 20 30
21 30 21 31 20 31 20 30
21 32 21 31 22 31 22 32
20 33 20 32 21 32 21 33
15 27 14 28 13 27 14 26
15 26 15 27 14 27 14 26
16 27 16 28 15 28 15 27
12 27 13 26 14 27 13 28
12 26 13 26 13 27 12 27
12 25 13 24 14 25 13 26
12 24 13 24 13 25 12 25
29 20 30 21 29 22 28 21
28 20 29 20 29 21 28 21
16 26 15 25 16 24 17 25
16 25 16 26 15 26 15 25
17 24 17 25 16 25 16 24
18 24 17 24 17 23 18 23
16 22 17 23 16 24 15 23
16 21 16 22 15 22 15 21
17 22 17 23 16 23 16 22
28 17 29 16 30 17 29 18
28 16 29 16 29 17 28 17
33 17 32 18 31 17 32 16
33 16 33 17 32 17 32 16
29 26 28 25 29 24 30 25
30 26 29 26 29 25 30 25
30 27 30 26 31 26 31 27
28 27 28 26 29 26 29 27
33 25 32 26 31 25 32 24
33 24 33 25 32 25 32 24
34 21 33 22 32 21 33 20
34 22 33 22 33 21 34 21
22 29 21 30 20 29 21 28
22 30 21 30 21 29 22 29
11 27 12 26 13 27 12 28
11 28 11 27 12 27 12 28
11 25 12 24 13 25 12 26
11 26 11 25 12 25 12 26
12 22 13 23 12 24 11 23
27 21 28 20 29 21 28 22
27 22 27 21 28 21 28 22
26 23 26 22 27 22 27 23
25 24 25 23 26 23 26 24
17 27 16 28 15 27 16 26
17 26 17 27 16 27 16 26
18 26 17 26 17 25 18 25
17 21 16 22 15 21 16 20
17 20 17 21 16 21 16 20
18 22 17 22 17 21 18 21
34 17 33 18 32 17 33 16
34 18 33 18 33 17 34 17
34 15 33 16 32 15 33 14
34 16 33 16 33 15 34 15
30 28 29 27 30 26 31 27
29 28 29 27 30 27 30 28
27 28 26 27 27 26 28 27
34 23 33 24 32 23 33 22
34 24 33 24 33 23 34 23
23 31 22 32 21 31 22 30
23 30 23 31 22 31 22 30
24 31 24 32 23 32 23 31
10 29 11 28 12 29 11 30
10 28 11 28 11 29 10 29
10 27 11 26 12 27 11 28
10 26 11 26 11 27 10 27
26 21 27 20 28 21 27 22
25 21 26 21 26 22 25 22
26 20 27 20 27 21 26 21
19 27 18 28 17 27 18 26
20 27 20 28 19 28 19 27
19 25 18 26 17 25 18 24
19 24 19 25 18 25 18 24
16 19 17 18 18 19 17 20
19 23 18 24 17 23 18 22
19 22 19 23 18 23 18 22
20 24 19 24 19 23 20 23
35 17 34 18 33 17 34 16
35 16 35 17 34 17 34 16
30 29 29 30 28 29 29 28
31 28 31 29 30 29 30 28
27 30 26 29 27 28 28 29
27 29 28 29 28 30 27 30
26 28 27 28 27 29 26 29
25 28 25 27 26 27 26 28
35 23 34 24 33 23 34 22
35 22 35 23 34 23 34 22
9 27 10 26 11 27 10 28
9 28 9 27 10 27 10 28
32 27 31 28 30 27 31 26
32 28 31 28 31 27 32 27
33 27 32 28 31 27 32 26
33 26 33 27 32 27 32 26
34 25 33 26 32 25 33 24
34 26 33 26 33 25 34 25
35 25 34 26 33 25 34 24
35 24 35 25 34 25 34 24
36 23 35 24 34 23 35 22
36 24 35 24 35 23 36 23
20 25 19 24 20 23 21 24
21 25 20 25 20 24 21 24
20 26 19 25 20 24 21 25
19 26 19 25 20 25 20 26
18 27 18 26 19 26 19 27
17 28 17 27 18 27 18 28
16 29 16 28 17 28 17 29
15 30 15 29 16 29 16 30
14 31 14 30 15 30 15 31
13 32 13 31 14 31 14 32
21 27 20 28 19 27 20 26
21 26 21 27 20 27 20 26
13 34 12 33 13 32 14 33
22 27 21 28 20 27 21 26
22 28 21 28 21 27 22 27
23 29 22 30 21 29 22 28
23 28 23 29 22 29 22 28
24 27 24 28 23 28 23 27
25 26 25 27 24 27 24 26
22 26 23 27 22 28 21 27
22 25 22 26 21 26 21 25
23 26 23 27 22 27 22 26
24 29 23 30 22 29 23 28
25 29 24 29 24 28 25 28
24 30 23 30 23 29 24 29
24 25 25 24 26 25 25 26
25 25 24 25 24 24 25 24
26 26 25 26 25 25 26 25
27 27 26 27 26 26 27 26
28 28 27 28 27 27 28 27
29 29 28 29 28 28 29 28
30 30 29 30 29 29 30 29
23 25 24 25 24 26 23 26
22 24 23 24 23 25 22 25
25 30 24 29 25 28 26 29
26 30 25 30 25 29 26 29
25 31 24 31 24 30 25 30
27 31 26 30 27 29 28 30
26 31 26 30 27 30 27 31
28 31 28 32 27 32 27 31
29 31 28 31 28 30 29 30
25 32 24 31 25 30 26 31
26 32 25 32 25 31 26 31
25 33 24 33 24 32 25 32
30 31 29 32 28 31 29 30
30 32 29 32 29 31 30 31
31 31 30 32 29 31 30 30
31 30 31 31 30 31 30 30
32 29 31 30 30 29 31 28
32 30 31 30 31 29 32 29
33 29 32 30 31 29 32 28
33 28 33 29 32 29 32 28
34 27 33 28 32 27 33 26
34 28 33 28 33 27 34 27
35 27 34 28 33 27 34 26
35 26 35 27 34 27 34 26
36 25 35 26 34 25 35 24
36 26 35 26 35 25 36 25
37 25 36 26 35 25 36 24
37 24 37 25 36 25 36 24
32 12 31 13 30 12 31 11
31 12 31 11 32 11 32 12
30 13 30 12 31 12 31 13
29 14 29 13 30 13 30 14
33 13 32 13 32 12 33 12
34 14 33 14 33 13 34 13
31 10 32 11 31 12 30 11
30 10 31 10 31 11 30 11
28 15 29 14 30 15 29 16
28 14 29 14 29 15 28 15
35 15 34 16 33 15 34 14
35 14 35 15 34 15 34 14
27 15 28 14 29 15 28 16
27 16 27 15 28 15 28 16
36 15 35 16 34 15 35 14
36 16 35 16 35 15 36 15
26 17 27 16 28 17 27 18
14 19 16 19 16 20 14 20
12 19 13 18 14 19 13 20
15 20 14 19 15 18 16 19
14 21 15 20 16 21 15 22
13 22 13 21 14 21 14 22
12 23 12 22 13 22 13 23
11 24 11 23 12 23 12 24
12 21 13 20 14 21 13 22
12 20 13 20 13 21 12 21
11 20 11 19 12 19 12 20
10 25 11 24 12 25 11 26
10 24 11 24 11 25 10 25
11 21 12 20 13 21 12 22
11 22 11 21 12 21 12 22
9 25 10 24 11 25 10 26
9 26 9 25 10 25 10 26
10 23 11 22 12 23 11 24
10 22 11 22 11 23 10 23
10 21 11 20 12 21 11 22
10 20 11 20 11 21 10 21
8 27 9 26 10 27 9 28
8 26 9 26 9 27 8 27
9 23 10 22 11 23 10 24
9 24 9 23 10 23 10 24
9 21 10 20 11 21 10 22
9 22 9 21 10 21 10 22
8 25 9 24 10 25 9 26
8 24 9 24 9 25 8 25
8 23 9 22 10 23 9 24
8 22 9 22 9 23 8 23
7 25 8 24 9 25 8 26
7 26 7 25 8 25 8 26
7 23 8 22 9 23 8 24
7 24 7 23 8 23 8 24
6 25 7 24 8 25 7 26
6 24 7 24 7 25 6 25
24 20 25 19 26 20 25 21
22 23 23 24 22 25 21 24
21 23 22 23 22 24 21 24
22 22 23 23 22 24 21 23
23 22 23 23 22 23 22 22
20 22 21 23 20 24 19 23
21 22 21 23 20 23 20 22
21 21 22 21 22 22 21 22
24 21 23 22 22 21 23 20
25 20 25 21 24 21 24 20
26 19 26 20 25 20 25 19
23 21 24 21 24 22 23 22
22 20 23 20 23 21 22 21
19 21 20 20 21 21 20 22
20 21 20 22 19 22 19 21
21 20 21 21 20 21 20 20
22 19 22 20 21 20 21 19
28 19 27 20 26 19 27 18
27 19 28 19 28 20 27 20
26 18 27 18 27 19 26 19
23 19 22 20 21 19 22 18
23 18 23 19 22 19 22 18
24 19 24 20 23 20 23 19
25 18 25 19 24 19 24 18
25 17 26 17 26 18 25 18
18 20 19 21 18 22 17 21
17 19 18 19 18 20 17 20
16 18 17 18 17 19 16 19
19 20 19 21 18 21 18 20
20 19 21 18 22 19 21 20
19 19 20 19 20 20 19 20
19 18 19 19 18 19 18 18
20 18 21 18 21 19 20 19
19 17 20 17 20 18 19 18
30 19 29 20 28 19 29 18
31 19 30 19 30 18 31 18
32 19 32 20 31 20 31 19
33 19 32 19 32 18 33 18
29 19 30 19 30 20 29 20
28 18 29 18 29 19 28 19
27 17 28 17 28 18 27 18
26 16 27 16 27 17 26 17
24 17 25 16 26 17 25 18
23 17 24 17 24 18 23 18
24 16 25 16 25 17 24 17
15 19 16 18 17 19 16 20
19 16 20 17 19 18 18 17
20 15 20 16 19 16 19 15
18 16 19 16 19 17 18 17
34 19 33 20 32 19 33 18
34 20 33 20 33 19 34 19
23 16 24 17 23 18 22 17
22 16 23 16 23 17 22 17
22 15 21 16 20 15 21 14
21 15 22 15 22 16 21 16
20 14 21 14 21 15 20 15
35 21 34 22 33 21 34 20
35 20 35 21 34 21 34 20
35 19 34 20 33 19 34 18
35 18 35 19 34 19 34 18
24 15 23 16 22 15 23 14
23 15 24 15 24 16 23 16
22 14 23 14 23 15 22 15
36 21 35 22 34 21 35 20
36 22 35 22 35 21 36 21
36 19 35 20 34 19 35 18
36 20 35 20 35 19 36 19
36 17 35 18 34 17 35 16
36 18 35 18 35 17 36 17
37 23 36 24 35 23 36 22
37 22 37 23 36 23 36 22
37 21 36 22 35 21 36 20
37 20 37 21 36 21 36 20
37 19 36 20 35 19 36 18
37 18 37 19 36 19 36 18
37 17 36 18 35 17 36 16
37 16 37 17 36 17 36 16
38 23 37 24 36 23 37 22
38 24 37 24 37 23 38 23
38 21 37 22 36 21 37 20
38 22 37 22 37 21 38 21
38 19 37 20 36 19 37 18
38 20 37 20 37 19 38 19
38 17 37 18 36 17 37 16
38 18 37 18 37 17 38 17
39 23 38 24 37 23 38 22
39 22 39 23 38 23 38 22
39 21 38 22 37 21 38 20
39 20 39 21 38 21 38 20
39 19 38 20 37 19 38 18
39 18 39 19 38 19 38 18
40 21 39 22 38 21 39 20
40 22 39 22 39 21 40 21
40 19 39 20 38 19 39 18
40 20 39 20 39 19 40 19
41 21 40 22 39 21 40 20
41 20 41 21 40 21 40 20
14 14 17 17 16 18 13 15
18 13 20 15 19 16 17 14
18 14 17 14 17 13 18 13
17 15 18 14 19 15 18 16
16 15 16 14 17 14 17 15
17 10 18 11 16 13 15 12
29 9 30 10 24 16 23 15
13 12 13 11 15 11 15 12
21 13 22 14 21 15 20 14
22 13 22 14 21 14 21 13
20 13 21 12 22 13 21 14
20 12 21 12 21 13 20 13
27 33 26 32 27 31 28 32
26 33 26 32 27 32 27 33
25 34 24 33 25 32 26 33
26 34 25 34 25 33 26 33
22 10 23 11 21 13 20 12
26 12 26 16 25 16 25 12
14 18 13 17 16 14 17 15
14 17 14 18 13 18 13 17
13 19 14 18 15 19 14 20
12 18 13 18 13 19 12 19
24 13 25 12 28 15 27 16
23 12 24 13 23 14 22 13
24 11 24 12 23 12 23 11
28 12 28 11 30 11 30 12
16 10 17 10 17 13 16 13
11 12 13 12 13 15 11 15
27 14 27 12 28 12 28 14
14 13 16 13 16 14 14 14
13 14 12 13 13 12 14 13
15 15 16 15 16 18 15 18
18 12 17 13 15 11 16 10
33 32 32 33 30 31 31 30
22 33 21 32 22 31 23 32
23 33 22 33 22 32 23 32
22 34 21 33 22 32 23 33
21 34 21 33 22 33 22 34
24 34 23 33 24 32 25 33
23 34 23 33 24 33 24 34
22 35 21 34 22 33 23 34
23 35 22 35 22 34 23 34
20 11 20 12 18 12 18 11
15 14 16 13 17 14 16 15
32 32 32 33 30 33 30 32
33 31 32 32 31 31 32 30
23 13 24 12 27 15 26 16
22 12 23 12 23 13 22 13
24 14 23 14 23 13 24 13
32 31 33 31 33 32 32 32
10 16 11 15 13 17 12 18
10 15 11 15 11 16 10 16
21 10 22 10 22 12 21 12
22 11 21 12 20 11 21 10
23 10 24 11 23 12 22 11
11 34 11 32 13 32 13 34
10 33 11 32 12 33 11 34
15 16 16 15 18 17 17 18
9 14 11 12 12 13 10 15
12 15 14 17 13 18 11 16
