391
27 26 27 27 26 27 26 26
10 26 11 26 11 27 10 27
12 22 13 22 13 23 12 23
11 24 11 23 12 23 12 24
19 23 18 23 18 22 19 22
18 21 18 22 17 22 17 21
10 23 10 22 11 22 11 23
26 21 26 20 27 20 27 21
22 16 23 16 23 17 22 17
21 16 21 15 22 15 22 16
13 15 14 15 14 16 13 16
25 16 25 15 26 15 26 16
24 17 24 16 25 16 25 17
24 18 23 18 23 17 24 17
20 15 20 14 21 14 21 15
23 12 23 11 24 11 24 12
27 11 26 11 26 10 27 10
25 11 24 11 24 10 25 10
25 14 26 13 27 14 26 15
14 17 13 16 14 15 15 16
15 17 14 17 14 16 15 16
14 18 13 18 13 17 14 17
21 13 22 14 21 15 20 14
22 13 22 14 21 14 21 13
18 20 17 21 16 20 17 19
19 21 18 21 18 20 19 20
15 19 16 20 15 21 14 20
15 20 15 19 16 19 16 20
14 21 14 20 15 20 15 21
13 21 14 21 14 22 13 22
17 24 16 23 17 22 18 23
17 23 18 23 18 24 17 24
16 22 17 22 17 23 16 23
22 22 23 21 24 22 23 23
12 21 13 22 12 23 11 22
11 21 12 21 12 22 11 22
28 26 27 27 26 26 27 25
28 25 28 26 27 26 27 25
20 21 19 22 18 21 19 20
20 22 19 22 19 21 20 21
25 20 26 19 27 20 26 21
25 19 26 19 26 20 25 20
23 15 24 16 23 17 22 16
23 14 23 15 22 15 22 14
24 15 24 16 23 16 23 15
24 14 25 14 25 15 24 15
21 17 20 16 21 15 22 16
20 17 20 16 21 16 21 17
12 16 13 15 14 16 13 17
11 16 11 15 12 15 12 16
11 17 10 17 10 16 11 16
12 17 12 16 13 16 13 17
12 18 11 18 11 17 12 17
22 18 23 17 24 18 23 19
21 18 21 17 22 17 22 18
22 19 22 18 23 18 23 19
22 11 23 10 24 11 23 12
22 10 23 10 23 11 22 11
25 9 26 10 25 11 24 10
26 9 26 10 25 10 25 9
16 18 15 19 14 18 15 17
17 18 17 19 16 19 16 18
15 23 14 22 15 21 16 22
16 24 15 24 15 23 16 23
21 21 22 22 21 23 20 22
21 22 21 21 22 21 22 22
20 23 20 22 21 22 21 23
26 18 25 19 24 18 25 17
24 13 25 14 24 15 23 14
23 13 24 13 24 14 23 14
22 12 23 12 23 13 22 13
10 15 11 16 10 17 9 16
9 15 10 15 10 16 9 16
12 19 11 18 12 17 13 18
13 19 12 19 12 18 13 18
20 18 21 17 22 18 21 19
19 17 20 17 20 18 19 18
20 19 20 18 21 18 21 19
23 9 24 10 23 11 22 10
24 9 24 10 23 10 23 9
17 17 18 18 17 19 16 18
18 17 18 18 17 18 17 17
17 25 16 24 17 23 18 24
16 25 16 24 17 24 17 25
19 24 18 23 19 22 20 23
20 24 19 24 19 23 20 23
22 23 21 24 20 23 21 22
23 22 23 23 22 23 22 22
24 21 24 22 23 22 23 21
22 24 21 24 21 23 22 23
21 11 22 12 21 13 20 12
21 12 21 11 22 11 22 12
20 13 20 12 21 12 21 13
19 14 19 13 20 13 20 14
12 20 13 19 14 20 13 21
13 20 13 21 12 21 12 20
14 19 14 20 13 20 13 19
15 18 15 19 14 19 14 18
16 17 16 18 15 18 15 17
19 19 18 18 19 17 20 18
18 19 18 18 19 18 19 19
17 20 17 19 18 19 18 20
16 21 16 20 17 20 17 21
15 22 15 21 16 21 16 22
14 23 14 22 15 22 15 23
20 20 19 20 19 19 20 19
21 20 21 21 20 21 20 20
22 20 21 20 21 19 22 19
23 20 23 21 22 21 22 20
25 8 26 9 25 10 24 9
24 8 25 8 25 9 24 9
15 26 14 25 15 24 16 25
14 27 14 26 15 26 15 27
19 25 18 24 19 23 20 24
18 25 18 24 19 24 19 25
25 22 24 23 23 22 24 21
25 23 24 23 24 22 25 22
21 25 20 24 21 23 22 24
20 25 20 24 21 24 21 25
20 10 21 9 22 10 21 11
11 20 12 19 13 20 12 21
11 19 12 19 12 20 11 20
24 20 23 21 22 20 23 19
24 19 24 20 23 20 23 19
25 18 25 19 24 19 24 18
26 17 26 18 25 18 25 17
25 21 24 21 24 20 25 20
26 22 25 22 25 21 26 21
15 28 14 27 15 26 16 27
16 28 15 28 15 27 16 27
17 26 16 25 17 24 18 25
18 26 17 26 17 25 18 25
26 23 25 22 26 21 27 22
27 23 26 23 26 22 27 22
19 26 18 25 19 24 20 25
20 26 19 26 19 25 20 25
18 27 18 26 19 26 19 27
10 20 11 19 12 20 11 21
10 21 10 20 11 20 11 21
10 18 11 17 12 18 11 19
10 19 10 18 11 18 11 19
27 18 26 19 25 18 26 17
27 19 26 19 26 18 27 18
27 16 26 17 25 16 26 15
27 17 26 17 26 16 27 16
28 22 27 23 26 22 27 21
28 21 28 22 27 22 27 21
17 28 16 27 17 26 18 27
9 22 10 21 11 22 10 23
9 21 10 21 10 22 9 22
9 20 10 19 11 20 10 21
9 19 10 19 10 20 9 20
9 18 10 17 11 18 10 19
9 17 10 17 10 18 9 18
28 20 27 21 26 20 27 19
28 19 28 20 27 20 27 19
28 18 27 19 26 18 27 17
28 17 28 18 27 18 27 17
8 20 9 19 10 20 9 21
8 21 8 20 9 20 9 21
8 18 9 17 10 18 9 19
8 19 8 18 9 18 9 19
8 16 9 15 10 16 9 17
8 17 8 16 9 16 9 17
29 20 28 21 27 20 28 19
29 21 28 21 28 20 29 20
29 18 28 19 27 18 28 17
29 19 28 19 28 18 29 18
7 20 8 19 9 20 8 21
7 19 8 19 8 20 7 20
7 18 8 17 9 18 8 19
7 17 8 17 8 18 7 18
30 20 29 21 28 20 29 19
30 19 30 20 29 20 29 19
6 18 7 17 8 18 7 19
6 19 6 18 7 18 7 19
25 13 24 14 23 13 24 12
25 12 25 13 24 13 24 12
26 12 25 12 25 11 26 11
26 14 25 14 25 13 26 13
27 15 26 15 26 14 27 14
27 12 26 13 25 12 26 11
27 13 26 13 26 12 27 12
28 16 27 17 26 16 27 15
28 15 28 16 27 16 27 15
28 14 27 15 26 14 27 13
28 13 28 14 27 14 27 13
28 12 27 13 26 12 27 11
28 11 28 12 27 12 27 11
29 16 28 17 27 16 28 15
29 17 28 17 28 16 29 16
29 14 28 15 27 14 28 13
29 15 28 15 28 14 29 14
29 12 28 13 27 12 28 11
29 13 28 13 28 12 29 12
30 18 29 19 28 18 29 17
30 17 30 18 29 18 29 17
30 16 29 17 28 16 29 15
30 15 30 16 29 16 29 15
30 14 29 15 28 14 29 13
30 13 30 14 29 14 29 13
31 18 30 19 29 18 30 17
31 19 30 19 30 18 31 18
31 16 30 17 29 16 30 15
31 17 30 17 30 16 31 16
31 14 30 15 29 14 30 13
31 15 30 15 30 14 31 14
32 18 31 19 30 18 31 17
32 17 32 18 31 18 31 17
32 16 31 17 30 16 31 15
32 15 32 16 31 16 31 15
33 16 32 17 31 16 32 15
33 17 32 17 32 16 33 16
11 25 14 25 14 26 11 26
12 26 11 27 10 26 11 25
10 24 11 23 12 24 11 25
10 25 10 24 11 24 11 25
9 26 9 25 10 25 10 26
9 24 10 23 11 24 10 25
9 23 10 23 10 24 9 24
8 24 9 23 10 24 9 25
8 25 8 24 9 24 9 25
8 22 9 21 10 22 9 23
8 23 8 22 9 22 9 23
7 24 8 23 9 24 8 25
7 23 8 23 8 24 7 24
7 22 8 21 9 22 8 23
7 21 8 21 8 22 7 22
6 22 7 21 8 22 7 23
6 23 6 22 7 22 7 23
6 20 7 19 8 20 7 21
6 21 6 20 7 20 7 21
5 22 6 21 7 22 6 23
5 21 6 21 6 22 5 22
5 20 6 19 7 20 6 21
5 19 6 19 6 20 5 20
4 20 5 19 6 20 5 21
4 21 4 20 5 20 5 21
19 16 20 15 21 16 20 17
18 16 19 16 19 17 18 17
19 15 20 15 20 16 19 16
18 14 19 13 20 14 19 15
18 15 18 14 19 14 19 15
17 16 18 17 17 18 16 17
16 16 17 16 17 17 16 17
15 15 16 15 16 16 15 16
17 15 18 15 18 16 17 16
17 14 18 15 17 16 16 15
16 14 17 14 17 15 16 15
17 13 18 14 17 15 16 14
18 13 18 14 17 14 17 13
19 12 20 13 19 14 18 13
18 12 19 12 19 13 18 13
19 11 20 12 19 13 18 12
20 11 20 12 19 12 19 11
21 10 21 11 20 11 20 10
22 9 22 10 21 10 21 9
17 11 18 12 17 13 16 12
18 10 19 9 20 10 19 11
23 8 24 9 23 10 22 9
22 8 23 8 23 9 22 9
23 7 24 8 23 9 22 8
24 7 24 8 23 8 23 7
15 13 12 10 13 9 16 12
14 14 15 13 16 14 15 15
13 14 13 13 14 13 14 14
12 14 13 14 13 15 12 15
15 14 15 15 14 15 14 14
16 13 16 14 15 14 15 13
17 12 17 13 16 13 16 12
18 11 18 12 17 12 17 11
19 10 19 11 18 11 18 10
20 9 20 10 19 10 19 9
11 14 12 13 13 14 12 15
10 14 11 14 11 15 10 15
11 13 12 13 12 14 11 14
15 12 16 13 15 14 14 13
14 12 15 12 15 13 14 13
16 11 17 10 18 11 17 12
15 11 16 11 16 12 15 12
16 10 17 10 17 11 16 11
21 8 22 9 21 10 20 9
20 8 21 8 21 9 20 9
10 13 11 14 10 15 9 14
9 13 10 13 10 14 9 14
17 9 18 10 17 11 16 10
18 9 18 10 17 10 17 9
21 7 22 8 21 9 20 8
22 7 22 8 21 8 21 7
8 14 9 13 10 14 9 15
8 15 8 14 9 14 9 15
19 8 20 9 19 10 18 9
18 8 19 8 19 9 18 9
23 6 24 7 23 8 22 7
22 6 23 6 23 7 22 7
7 16 8 15 9 16 8 17
7 15 8 15 8 16 7 16
19 7 20 8 19 9 18 8
20 7 20 8 19 8 19 7
6 16 7 15 8 16 7 17
6 17 6 16 7 16 7 17
21 6 22 7 21 8 20 7
20 6 21 6 21 7 20 7
5 18 6 17 7 18 6 19
5 17 6 17 6 18 5 18
21 5 22 6 21 7 20 6
22 5 22 6 21 6 21 5
4 18 5 17 6 18 5 19
4 19 4 18 5 18 5 19
3 20 4 19 5 20 4 21
3 19 4 19 4 20 3 20
25 24 26 23 28 25 27 26
26 24 25 24 25 23 26 23
28 24 27 25 26 24 27 23
17 29 16 28 18 26 19 27
16 29 16 28 17 28 17 29
13 12 13 9 14 9 14 12
12 12 13 12 13 13 12 13
10 11 11 10 13 12 12 13
11 11 10 11 10 10 11 10
10 12 11 11 12 12 11 13
9 12 9 11 10 11 10 12
11 12 11 13 10 13 10 12
12 11 12 12 11 12 11 11
11 9 12 10 11 11 10 10
12 9 12 10 11 10 11 9
8 12 9 11 10 12 9 13
8 13 8 12 9 12 9 13
7 14 8 13 9 14 8 15
7 13 8 13 8 14 7 14
6 14 7 13 8 14 7 15
6 15 6 14 7 14 7 15
5 16 6 15 7 16 6 17
5 15 6 15 6 16 5 16
4 16 5 15 6 16 5 17
4 17 4 16 5 16 5 17
3 18 4 17 5 18 4 19
3 17 4 17 4 18 3 18
2 18 3 17 4 18 3 19
2 19 2 18 3 18 3 19
15 25 14 26 12 24 13 23
14 24 15 24 15 25 14 25
13 24 13 23 14 23 14 24
16 26 15 26 15 25 16 25
17 27 16 27 16 26 17 26
18 28 17 28 17 27 18 27
12 25 11 24 12 23 13 24
15 10 15 11 12 11 12 10
16 9 16 10 15 10 15 9
14 11 15 10 16 11 15 12
17 8 18 9 17 10 16 9
16 8 17 8 17 9 16 9
15 8 16 9 15 10 14 9
14 8 15 8 15 9 14 9
17 7 18 8 17 9 16 8
18 7 18 8 17 8 17 7
15 7 16 8 15 9 14 8
16 7 16 8 15 8 15 7
19 6 20 7 19 8 18 7
18 6 19 6 19 7 18 7
17 6 18 7 17 8 16 7
16 6 17 6 17 7 16 7
19 5 20 6 19 7 18 6
20 5 20 6 19 6 19 5
17 5 18 6 17 7 16 6
18 5 18 6 17 6 17 5
21 4 22 5 21 6 20 5
20 4 21 4 21 5 20 5
19 4 20 5 19 6 18 5
18 4 19 4 19 5 18 5
19 3 20 4 19 5 18 4
20 3 20 4 19 4 19 3
25 27 22 24 23 23 26 26
22 27 22 24 25 24 25 27
21 26 24 23 25 24 22 27
26 25 26 26 21 26 21 25
27 24 27 25 26 25 26 24
28 23 28 24 27 24 27 23
29 22 28 23 27 22 28 21
29 23 28 23 28 22 29 22
30 22 29 23 28 22 29 21
30 21 30 22 29 22 29 21
31 20 30 21 29 20 30 19
31 21 30 21 30 20 31 20
32 20 31 21 30 20 31 19
32 19 32 20 31 20 31 19
33 18 32 19 31 18 32 17
33 19 32 19 32 18 33 18
34 18 33 19 32 18 33 17
34 17 34 18 33 18 33 17
13 28 11 26 12 25 14 27
