438
30 33 31 34 30 35 29 34
30 34 30 33 31 33 31 34
30 32 31 33 30 34 29 33
29 32 30 32 30 33 29 33
30 31 31 32 30 33 29 32
31 31 31 32 30 32 30 31
29 35 29 34 30 34 30 35
30 36 29 35 30 34 31 35
31 36 30 36 30 35 31 35
28 33 29 33 29 34 28 34
28 32 29 33 28 34 27 33
28 30 29 31 28 32 27 31
28 31 27 31 27 30 28 30
29 30 28 31 27 30 28 29
29 29 29 30 28 30 28 29
30 30 30 31 29 31 29 30
27 32 28 31 29 32 28 33
26 31 27 31 27 32 26 32
25 30 26 29 27 30 26 31
32 33 31 33 31 32 32 32
30 23 31 24 30 25 29 24
29 23 29 22 30 22 30 23
31 22 30 23 29 22 30 21
33 22 32 23 31 22 32 21
31 21 31 22 30 22 30 21
31 23 31 24 30 24 30 23
32 22 32 23 31 23 31 22
33 21 33 22 32 22 32 21
29 25 29 24 30 24 30 25
28 24 29 23 30 24 29 25
28 23 29 23 29 24 28 24
28 21 29 22 28 23 27 22
27 21 27 20 28 20 28 21
32 25 31 24 32 23 33 24
14 22 13 23 12 22 13 21
16 22 15 23 14 22 15 21
10 22 11 21 12 22 11 23
10 20 11 19 12 20 11 21
10 19 11 19 11 20 10 20
12 21 11 21 11 20 12 20
13 22 12 22 12 21 13 21
14 23 13 23 13 22 14 22
14 24 14 23 15 23 15 24
13 25 12 24 13 23 14 24
12 26 13 25 14 26 13 27
18 18 18 19 17 19 17 18
18 17 19 17 19 18 18 18
31 17 31 18 30 18 30 17
32 15 33 16 32 17 31 16
33 15 33 16 32 16 32 15
14 15 15 15 15 16 14 16
24 16 24 15 25 15 25 16
24 17 23 16 24 15 25 16
23 17 23 16 24 16 24 17
21 14 22 14 22 15 21 15
17 15 18 14 19 15 18 16
26 16 25 15 26 14 27 15
20 16 19 15 20 14 21 15
18 13 19 13 19 14 18 14
20 15 19 15 19 14 20 14
20 13 21 14 20 15 19 14
21 13 21 14 20 14 20 13
20 12 21 13 20 14 19 13
19 12 20 12 20 13 19 13
21 12 20 13 19 12 20 11
21 11 21 12 20 12 20 11
22 12 23 13 22 14 21 13
22 13 21 13 21 12 22 12
23 12 22 13 21 12 22 11
23 11 23 12 22 12 22 11
22 10 23 11 22 12 21 11
21 10 22 10 22 11 21 11
23 14 22 15 21 14 22 13
25 14 24 15 23 14 24 13
26 15 25 15 25 14 26 14
27 14 26 15 25 14 26 13
29 14 28 15 27 14 28 13
27 13 27 14 26 14 26 13
28 14 28 15 27 15 27 14
29 13 29 14 28 14 28 13
28 12 29 13 28 14 27 13
27 12 28 12 28 13 27 13
25 12 26 11 27 12 26 13
24 11 25 12 24 13 23 12
25 11 25 12 24 12 24 11
24 10 25 11 24 12 23 11
23 10 24 10 24 11 23 11
22 9 23 10 22 11 21 10
23 9 23 10 22 10 22 9
27 16 26 16 26 15 27 15
26 17 25 16 26 15 27 16
25 17 25 16 26 16 26 17
24 18 23 17 24 16 25 17
25 18 24 18 24 17 25 17
23 18 24 17 25 18 24 19
22 17 23 17 23 18 22 18
21 16 22 15 23 16 22 17
23 19 23 18 24 18 24 19
18 12 19 13 18 14 17 13
17 12 18 12 18 13 17 13
18 11 19 12 18 13 17 12
19 11 19 12 18 12 18 11
20 10 21 11 20 12 19 11
19 10 20 10 20 11 19 11
20 9 21 10 20 11 19 10
21 9 21 10 20 10 20 9
22 8 23 9 22 10 21 9
21 8 22 8 22 9 21 9
24 14 23 14 23 13 24 13
25 13 24 14 23 13 24 12
26 12 26 13 25 13 25 12
27 11 27 12 26 12 26 11
26 10 27 11 26 12 25 11
25 10 26 10 26 11 25 11
24 9 25 10 24 11 23 10
25 9 25 10 24 10 24 9
24 8 25 9 24 10 23 9
23 8 24 8 24 9 23 9
22 7 23 8 22 9 21 8
23 7 23 8 22 8 22 7
28 10 29 11 28 12 27 11
23 15 24 14 25 15 24 16
22 16 21 15 22 14 23 15
21 17 21 16 22 16 22 17
20 18 19 17 20 16 21 17
20 19 19 19 19 18 20 18
27 29 28 28 29 29 28 30
26 30 26 29 27 29 27 30
25 29 26 28 27 29 26 30
25 28 26 28 26 29 25 29
25 31 25 30 26 30 26 31
27 28 28 28 28 29 27 29
26 27 27 27 27 28 26 28
32 34 31 33 32 32 33 33
33 34 32 34 32 33 33 33
32 35 31 34 32 33 33 34
21 19 20 20 19 19 20 18
22 20 21 19 22 18 23 19
21 20 20 20 20 19 21 19
19 20 18 19 19 18 20 19
18 20 18 19 19 19 19 20
16 20 17 19 18 20 17 21
16 21 15 21 15 20 16 20
17 22 16 22 16 21 17 21
17 20 18 20 18 21 17 21
16 19 17 19 17 20 16 20
15 19 15 18 16 18 16 19
15 17 16 18 15 19 14 18
14 17 15 17 15 18 14 18
13 16 14 15 15 16 14 17
12 15 13 16 12 17 11 16
12 14 12 15 11 15 11 14
10 14 11 13 12 14 11 15
10 13 11 13 11 14 10 14
13 17 13 16 14 16 14 17
13 18 14 17 15 18 14 19
12 18 12 17 13 17 13 18
13 19 12 18 13 17 14 18
14 20 13 21 12 20 13 19
16 17 17 18 16 19 15 18
16 16 16 17 15 17 15 16
17 17 17 18 16 18 16 17
17 16 18 16 18 17 17 17
16 15 17 15 17 16 16 16
15 14 16 14 16 15 15 15
13 20 13 19 14 19 14 20
14 21 13 20 14 19 15 20
15 22 14 23 13 22 14 21
16 23 15 22 16 21 17 22
12 19 13 20 12 21 11 20
11 18 12 17 13 18 12 19
13 15 14 14 15 15 14 16
12 16 12 15 13 15 13 16
11 17 11 16 12 16 12 17
10 16 11 15 12 16 11 17
10 15 11 15 11 16 10 16
9 14 10 13 11 14 10 15
9 15 9 14 10 14 10 15
10 18 11 17 12 18 11 19
10 17 11 17 11 18 10 18
9 16 10 15 11 16 10 17
9 17 9 16 10 16 10 17
8 16 9 15 10 16 9 17
8 15 9 15 9 16 8 16
9 18 10 17 11 18 10 19
9 19 9 18 10 18 10 19
8 18 9 17 10 18 9 19
8 17 9 17 9 18 8 18
7 16 8 15 9 16 8 17
7 17 7 16 8 16 8 17
13 14 14 14 14 15 13 15
12 13 13 14 12 15 11 14
11 12 12 12 12 13 11 13
13 13 13 14 12 14 12 13
14 13 15 14 14 15 13 14
15 13 15 14 14 14 14 13
16 12 17 13 16 14 15 13
14 12 15 13 14 14 13 13
13 12 14 12 14 13 13 13
15 12 14 13 13 12 14 11
15 11 15 12 14 12 14 11
16 13 15 13 15 12 16 12
16 11 17 12 16 13 15 12
17 11 17 12 16 12 16 11
16 10 17 11 16 12 15 11
15 10 16 10 16 11 15 11
18 10 19 11 18 12 17 11
17 10 18 10 18 11 17 11
16 9 17 10 16 11 15 10
17 9 17 10 16 10 16 9
18 9 19 10 18 11 17 10
19 9 19 10 18 10 18 9
18 8 19 9 18 10 17 9
17 8 18 8 18 9 17 9
20 8 21 9 20 10 19 9
19 8 20 8 20 9 19 9
18 7 19 8 18 9 17 8
19 7 19 8 18 8 18 7
20 7 21 8 20 9 19 8
21 7 21 8 20 8 20 7
20 6 21 7 20 8 19 7
19 6 20 6 20 7 19 7
22 6 23 7 22 8 21 7
21 6 22 6 22 7 21 7
20 5 21 6 20 7 19 6
21 5 21 6 20 6 20 5
17 14 16 15 15 14 16 13
18 15 17 14 18 13 19 14
19 16 18 17 17 16 18 15
20 17 19 16 20 15 21 16
21 18 20 18 20 17 21 17
22 19 21 18 22 17 23 18
23 20 22 20 22 19 23 19
25 20 24 21 23 20 24 19
22 21 21 20 22 19 23 20
21 21 21 20 22 20 22 21
12 11 13 12 12 13 11 12
13 11 13 12 12 12 12 11
14 10 15 11 14 12 13 11
13 10 14 10 14 11 13 11
14 9 15 10 14 11 13 10
15 9 15 10 14 10 14 9
16 8 17 9 16 10 15 9
15 8 16 8 16 9 15 9
16 7 17 8 16 9 15 8
17 7 17 8 16 8 16 7
18 6 19 7 18 8 17 7
17 6 18 6 18 7 17 7
18 5 19 6 18 7 17 6
19 5 19 6 18 6 18 5
20 4 21 5 20 6 19 5
19 4 20 4 20 5 19 5
19 21 20 20 21 21 20 22
20 21 19 21 19 20 20 20
21 22 20 22 20 21 21 21
32 20 33 21 32 22 31 21
31 20 32 20 32 21 31 21
19 22 18 21 19 20 20 21
18 22 18 21 19 21 19 22
17 23 16 22 17 21 18 22
18 23 17 23 17 22 18 22
20 23 19 23 19 22 20 22
19 24 18 23 19 22 20 23
18 24 18 23 19 23 19 24
17 29 16 28 17 27 18 28
18 29 18 30 17 30 17 29
32 30 33 31 32 32 31 31
30 16 31 17 30 18 29 17
29 16 30 16 30 17 29 17
28 17 27 16 28 15 29 16
30 15 31 16 30 17 29 16
31 15 31 16 30 16 30 15
32 14 33 15 32 16 31 15
31 14 32 14 32 15 31 15
30 13 31 14 30 15 29 14
30 14 30 13 31 13 31 14
30 12 31 13 30 14 29 13
29 12 30 12 30 13 29 13
28 11 29 11 29 12 28 12
27 10 28 10 28 11 27 11
26 9 27 10 26 11 25 10
27 9 27 10 26 10 26 9
26 8 27 9 26 10 25 9
25 8 26 8 26 9 25 9
24 7 25 8 24 9 23 8
25 7 25 8 24 8 24 7
24 6 25 7 24 8 23 7
23 6 24 6 24 7 23 7
22 5 23 6 22 7 21 6
23 5 23 6 22 6 22 5
22 4 23 5 22 6 21 5
21 4 22 4 22 5 21 5
20 3 21 4 20 5 19 4
21 3 21 4 20 4 20 3
29 15 29 14 30 14 30 15
28 16 27 15 28 14 29 15
27 17 27 16 28 16 28 17
26 18 25 17 26 16 27 17
27 18 26 18 26 17 27 17
26 19 25 18 26 17 27 18
25 19 25 18 26 18 26 19
24 20 23 19 24 18 25 19
23 21 23 20 24 20 24 21
26 21 25 20 26 19 27 20
26 22 26 21 27 21 27 22
33 13 32 14 31 13 32 12
33 12 34 12 34 13 33 13
28 18 27 17 28 16 29 17
29 18 28 18 28 17 29 17
30 19 29 18 30 17 31 18
29 19 29 18 30 18 30 19
29 20 30 19 31 20 30 21
28 19 29 19 29 20 28 20
27 19 27 18 28 18 28 19
26 20 26 19 27 19 27 20
25 21 25 20 26 20 26 21
25 22 24 22 24 21 25 21
26 23 25 22 26 21 27 22
25 23 25 22 26 22 26 23
22 22 21 21 22 20 23 21
23 22 22 22 22 21 23 21
22 23 21 22 22 21 23 22
21 23 21 22 22 22 22 23
20 24 19 23 20 22 21 23
21 24 20 24 20 23 21 23
24 23 23 22 24 21 25 22
23 23 23 22 24 22 24 23
24 24 23 23 24 22 25 23
25 24 24 24 24 23 25 23
27 24 26 25 25 24 26 23
28 25 27 24 28 23 29 24
27 25 27 24 28 24 28 25
22 24 21 23 22 22 23 23
23 24 22 24 22 23 23 23
22 25 21 25 21 24 22 24
24 25 23 24 24 23 25 24
23 25 23 24 24 24 24 25
22 26 21 25 22 24 23 25
23 26 22 26 22 25 23 25
18 31 17 32 16 31 17 30
24 33 26 31 27 32 25 34
25 33 24 33 24 31 25 31
26 34 25 33 26 32 27 33
26 35 25 35 25 34 26 34
27 26 31 26 31 27 27 27
26 26 26 25 27 25 27 26
25 26 26 25 27 26 26 27
24 27 23 26 24 25 25 26
25 27 25 26 26 26 26 27
24 28 24 27 25 27 25 28
28 26 27 27 26 26 27 25
18 26 17 27 14 24 15 23
22 31 21 30 24 27 25 28
21 31 21 30 22 30 22 31
23 31 22 32 21 31 22 30
23 32 22 32 22 31 23 31
22 33 23 32 24 33 23 34
18 34 18 31 21 31 21 34
16 34 17 33 18 34 17 35
18 25 19 24 25 30 24 31
19 28 19 24 20 24 20 28
19 29 18 29 18 28 19 28
19 27 20 28 19 29 18 28
19 30 18 29 19 28 20 29
20 30 19 30 19 29 20 29
19 31 18 30 19 29 20 30
18 27 21 24 22 25 19 28
17 26 18 26 18 27 17 27
13 26 15 24 17 26 15 28
12 25 13 25 13 26 12 26
14 27 13 27 13 26 14 26
14 29 14 27 17 27 17 29
33 26 31 26 31 24 33 24
32 27 31 26 32 25 33 26
31 28 31 27 32 27 32 28
33 28 32 29 31 28 32 27
33 29 32 29 32 28 33 28
33 27 34 28 33 29 32 28
34 27 34 28 33 28 33 27
35 26 34 27 33 26 34 25
34 29 33 28 34 27 35 28
35 29 34 29 34 28 35 28
35 30 35 32 32 32 32 30
33 30 34 29 35 30 34 31
34 26 33 27 30 24 31 23
35 25 35 26 34 26 34 25
30 28 28 26 29 25 31 27
31 29 30 30 29 29 30 28
31 30 31 29 32 29 32 30
32 31 31 30 32 29 33 30
33 32 32 33 31 32 32 31
34 33 33 32 34 31 35 32
30 29 31 30 30 31 29 30
29 28 30 28 30 29 29 29
30 27 31 28 30 29 29 28
29 26 30 25 31 26 30 27
28 27 27 26 28 25 29 26
21 26 18 26 18 25 21 25
22 29 25 29 25 30 22 30
34 23 34 25 32 25 32 23
34 21 35 22 34 23 33 22
35 24 34 25 33 24 34 23
33 19 34 19 34 21 33 21
10 24 10 22 12 22 12 24
11 25 10 24 11 23 12 24
23 28 24 28 24 31 23 31
21 29 21 26 22 26 22 29
23 27 21 29 20 28 22 26
24 26 24 27 23 27 23 26
25 25 25 26 24 26 24 25
26 24 26 25 25 25 25 24
27 23 27 24 26 24 26 23
28 22 28 23 27 23 27 22
29 21 29 22 28 22 28 21
30 20 30 21 29 21 29 20
31 19 31 20 30 20 30 19
32 18 33 19 32 20 31 19
32 19 31 19 31 18 32 18
33 18 32 19 31 18 32 17
33 17 33 18 32 18 32 17
33 20 32 21 31 20 32 19
35 20 34 21 33 20 34 19
16 26 16 23 17 23 17 26
15 25 15 24 18 24 18 25
15 26 16 26 16 28 15 28
14 25 15 25 15 26 14 26
13 24 14 24 14 25 13 25
12 34 12 31 16 31 16 34
11 30 17 30 17 32 11 32
10 31 11 30 12 31 11 32
10 26 12 26 12 31 10 31
11 27 10 26 11 25 12 26
13 35 12 34 17 29 18 30
13 29 14 29 14 35 13 35
22 35 17 35 17 33 22 33
11 29 11 27 13 27 13 29
14 33 12 31 14 29 16 31
27 36 26 35 28 33 29 34
