439
33 40 34 40 34 41 33 41
29 40 30 40 30 41 29 41
20 39 21 39 21 40 20 40
14 40 14 39 15 39 15 40
14 38 14 39 13 39 13 38
37 39 37 38 38 38 38 39
16 36 16 37 15 37 15 36
17 33 17 32 18 32 18 33
22 32 22 31 23 31 23 32
29 31 29 30 30 30 30 31
31 30 30 30 30 29 31 29
31 26 32 26 32 27 31 27
31 28 30 28 30 27 31 27
21 26 22 26 22 27 21 27
37 25 37 24 38 24 38 25
28 24 28 23 29 23 29 24
14 22 14 21 15 21 15 22
21 14 22 14 22 15 21 15
20 14 20 13 21 13 21 14
21 16 20 16 20 15 21 15
37 14 38 15 37 16 36 15
35 18 36 19 35 20 34 19
35 19 35 18 36 18 36 19
34 20 34 19 35 19 35 20
15 20 16 21 15 22 14 21
16 20 16 21 15 21 15 20
21 20 22 21 21 22 20 21
21 21 21 20 22 20 22 21
20 22 20 21 21 21 21 22
30 23 29 24 28 23 29 22
30 22 30 23 29 23 29 22
39 21 40 22 39 23 38 22
36 25 37 24 38 25 37 26
36 26 36 25 37 25 37 26
40 25 39 26 38 25 39 24
41 26 40 26 40 25 41 25
23 28 22 27 23 26 24 27
24 28 24 29 23 29 23 28
25 28 24 28 24 27 25 27
42 26 41 27 40 26 41 25
42 27 41 27 41 26 42 26
31 25 32 26 31 27 30 26
30 25 31 25 31 26 30 26
30 24 30 25 29 25 29 24
31 24 30 24 30 23 31 23
32 28 31 29 30 28 31 27
32 29 31 29 31 28 32 28
22 34 21 35 20 34 21 33
29 36 28 35 29 34 30 35
29 35 29 36 28 36 28 35
30 34 30 35 29 35 29 34
22 36 21 37 20 36 21 35
35 35 36 36 35 37 34 36
20 38 21 37 22 38 21 39
16 38 15 39 14 38 15 37
17 38 16 38 16 37 17 37
17 39 17 38 18 38 18 39
37 23 38 24 37 25 36 24
36 23 37 23 37 24 36 24
35 23 35 22 36 22 36 23
37 22 38 22 38 23 37 23
21 12 22 13 21 14 20 13
22 12 22 13 21 13 21 12
36 17 35 18 34 17 35 16
21 19 22 20 21 21 20 20
20 19 21 19 21 20 20 20
21 18 22 18 22 19 21 19
21 23 20 22 21 21 22 22
22 23 21 23 21 22 22 22
42 25 41 26 40 25 41 24
42 24 42 25 41 25 41 24
26 28 25 29 24 28 25 27
26 29 25 29 25 28 26 28
23 33 24 34 23 35 22 34
22 33 23 33 23 34 22 34
21 32 22 32 22 33 21 33
28 34 29 33 30 34 29 35
27 35 27 34 28 34 28 35
28 33 29 33 29 34 28 34
37 21 38 22 37 23 36 22
36 21 37 21 37 22 36 22
35 25 34 24 35 23 36 24
35 24 36 24 36 25 35 25
34 23 35 23 35 24 34 24
21 25 20 24 21 23 22 24
21 24 22 24 22 25 21 25
20 23 21 23 21 24 20 24
25 30 24 29 25 28 26 29
24 30 24 29 25 29 25 30
24 32 23 33 22 32 23 31
24 33 23 33 23 32 24 32
25 33 25 34 24 34 24 33
27 33 28 34 27 35 26 34
26 33 27 33 27 34 26 34
29 32 30 33 29 34 28 33
30 32 30 33 29 33 29 32
34 21 35 20 36 21 35 22
34 26 35 25 36 26 35 27
20 26 21 25 22 26 21 27
20 25 21 25 21 26 20 26
19 25 19 24 20 24 20 25
22 30 23 29 24 30 23 31
25 35 24 34 25 33 26 34
26 35 25 35 25 34 26 34
27 32 28 33 27 34 26 33
28 32 28 33 27 33 27 32
28 31 29 31 29 32 28 32
25 32 26 33 25 34 24 33
26 32 26 33 25 33 25 32
19 27 18 26 19 25 20 26
25 36 24 35 25 34 26 35
24 36 24 35 25 35 25 36
27 36 26 35 27 34 28 35
26 36 26 35 27 35 27 36
26 31 27 30 28 31 27 32
27 31 27 32 26 32 26 31
28 30 28 31 27 31 27 30
25 31 26 32 25 33 24 32
26 30 26 31 25 31 25 30
27 29 27 30 26 30 26 29
24 31 25 31 25 32 24 32
23 30 24 30 24 31 23 31
22 29 23 29 23 30 22 30
23 37 22 36 23 35 24 36
25 37 24 36 25 35 26 36
26 37 25 37 25 36 26 36
27 37 26 36 27 35 28 36
28 37 27 37 27 36 28 36
29 29 30 30 29 31 28 30
28 29 29 29 29 30 28 30
27 28 28 28 28 29 27 29
29 28 30 28 30 29 29 29
27 27 28 28 27 29 26 28
26 27 27 27 27 28 26 28
24 37 25 36 26 37 25 38
23 36 24 36 24 37 23 37
22 35 23 35 23 36 22 36
21 34 22 34 22 35 21 35
20 33 21 33 21 34 20 34
24 38 24 37 25 37 25 38
27 38 26 37 27 36 28 37
26 38 26 37 27 37 27 38
29 27 30 28 29 29 28 28
28 27 29 27 29 28 28 28
29 26 30 26 30 27 29 27
25 26 26 27 25 28 24 27
26 26 26 27 25 27 25 26
23 39 22 38 23 37 24 38
25 39 24 38 25 37 26 38
26 39 25 39 25 38 26 38
28 38 27 39 26 38 27 37
28 39 27 39 27 38 28 38
28 26 29 25 30 26 29 27
27 26 28 26 28 27 27 27
27 25 27 26 26 26 26 25
28 25 29 25 29 26 28 26
27 24 28 24 28 25 27 25
29 38 30 39 29 40 28 39
29 37 29 38 28 38 28 37
27 40 26 39 27 38 28 39
26 40 26 39 27 39 27 40
26 24 27 23 28 24 27 25
26 23 27 23 27 24 26 24
30 37 29 38 28 37 29 36
30 36 30 37 29 37 29 36
27 22 28 23 27 24 26 23
28 22 28 23 27 23 27 22
29 21 30 22 29 23 28 22
28 21 29 21 29 22 28 22
30 21 29 22 28 21 29 20
30 20 30 21 29 21 29 20
12 18 13 17 16 20 15 21
41 16 38 16 38 15 41 15
23 21 24 20 25 21 24 22
23 22 22 22 22 21 23 21
39 14 41 16 40 17 38 15
39 39 40 38 41 39 40 40
32 38 31 37 33 35 34 36
36 33 35 32 41 26 42 27
35 33 35 32 36 32 36 33
36 34 35 35 34 34 35 33
34 25 34 26 32 26 32 25
35 26 34 25 35 24 36 25
36 27 35 27 35 26 36 26
23 13 22 14 21 13 22 12
23 14 22 14 22 13 23 13
43 23 42 24 40 22 41 21
33 37 33 35 35 35 35 37
32 37 33 37 33 38 32 38
19 15 20 14 21 15 20 16
19 14 20 14 20 15 19 15
19 12 20 13 19 14 18 13
39 13 40 13 40 14 39 14
23 24 26 24 26 25 23 25
23 23 23 24 22 24 22 23
24 23 23 23 23 22 24 22
24 25 23 26 22 25 23 24
24 24 23 25 22 24 23 23
25 24 26 25 25 26 24 25
25 22 26 23 25 24 24 23
24 21 25 21 25 22 24 22
23 20 24 20 24 21 23 21
23 19 23 20 22 20 22 19
23 18 24 19 23 20 22 19
24 18 24 19 23 19 23 18
23 17 24 18 23 19 22 18
22 17 23 17 23 18 22 18
20 17 21 16 22 17 21 18
19 28 21 26 22 27 20 29
18 27 19 27 19 28 18 28
33 22 34 23 32 25 31 24
27 20 22 15 23 14 28 19
26 21 27 20 28 21 27 22
25 20 26 21 25 22 24 21
25 19 25 20 24 20 24 19
26 20 26 21 25 21 25 20
30 38 29 37 30 36 31 37
31 38 30 38 30 37 31 37
29 39 29 38 30 38 30 39
28 40 28 39 29 39 29 40
31 36 32 37 31 38 30 37
31 35 31 36 30 36 30 35
32 36 32 37 31 37 31 36
27 41 26 40 27 39 28 40
28 41 27 41 27 40 28 40
29 42 28 41 29 40 30 41
28 42 28 41 29 41 29 42
34 31 33 32 31 30 32 29
32 15 33 16 29 20 28 19
11 36 13 34 15 36 13 38
41 18 37 22 36 21 40 17
32 34 34 34 34 36 32 36
33 33 34 34 33 35 32 34
31 33 32 34 31 35 30 34
31 34 30 34 30 33 31 33
32 35 31 36 30 35 31 34
33 13 33 14 29 14 29 13
38 40 37 39 38 38 39 39
39 40 38 40 38 39 39 39
39 17 38 16 40 14 41 15
33 31 33 32 30 32 30 31
20 31 20 30 22 30 22 31
21 30 22 31 21 32 20 31
29 19 28 19 28 17 29 17
28 20 29 19 30 20 29 21
27 21 27 20 28 20 28 21
26 22 26 21 27 21 27 22
25 23 25 22 26 22 26 23
28 18 29 17 30 18 29 19
27 19 28 20 27 21 26 20
26 19 27 19 27 20 26 20
25 25 24 24 25 23 26 24
24 26 25 25 26 26 25 27
23 27 23 26 24 26 24 27
22 28 22 27 23 27 23 28
19 38 22 35 23 36 20 39
19 39 19 38 20 38 20 39
19 37 20 38 19 39 18 38
18 37 19 37 19 38 18 38
17 36 18 37 17 38 16 37
18 36 18 37 17 37 17 36
19 35 20 36 19 37 18 36
19 36 18 36 18 35 19 35
20 37 19 37 19 36 20 36
21 38 20 38 20 37 21 37
22 39 21 39 21 38 22 38
17 35 18 36 17 37 16 36
16 35 17 35 17 36 16 36
17 34 18 35 17 36 16 35
18 34 18 35 17 35 17 34
16 33 17 32 18 33 17 34
16 34 16 33 17 33 17 34
19 33 20 34 19 35 18 34
19 34 18 34 18 33 19 33
20 35 19 35 19 34 20 34
21 36 20 36 20 35 21 35
22 37 21 37 21 36 22 36
23 38 22 38 22 37 23 37
24 39 23 39 23 38 24 38
20 32 19 33 18 32 19 31
19 32 20 32 20 33 19 33
18 31 19 31 19 32 18 32
23 40 22 39 23 38 24 39
22 40 22 39 23 39 23 40
25 40 24 39 25 38 26 39
24 40 24 39 25 39 25 40
21 31 22 32 21 33 20 32
19 30 20 31 19 32 18 31
17 30 18 31 17 32 16 31
21 41 20 40 21 39 22 40
22 41 21 41 21 40 22 40
23 41 22 40 23 39 24 40
24 41 23 41 23 40 24 40
25 41 24 40 25 39 26 40
26 41 25 41 25 40 26 40
21 29 22 30 21 31 20 30
21 28 22 28 22 29 21 29
23 42 22 41 23 40 24 41
22 42 22 41 23 41 23 42
25 42 24 41 25 40 26 41
24 42 24 41 25 41 25 42
27 42 26 41 27 40 28 41
26 42 26 41 27 41 27 42
20 28 21 27 22 28 21 29
19 29 19 28 20 28 20 29
20 27 21 27 21 28 20 28
19 26 20 26 20 27 19 27
18 25 19 25 19 26 18 26
23 43 22 42 23 41 24 42
24 43 23 43 23 42 24 42
25 43 24 42 25 41 26 42
26 43 25 43 25 42 26 42
27 43 26 42 27 41 28 42
28 43 27 43 27 42 28 42
18 30 19 29 20 30 19 31
17 31 17 30 18 30 18 31
16 32 16 31 17 31 17 32
18 29 19 29 19 30 18 30
25 44 24 43 25 42 26 43
24 44 24 43 25 43 25 44
27 44 26 43 27 42 28 43
26 44 26 43 27 43 27 44
25 45 24 44 25 43 26 44
26 45 25 45 25 44 26 44
40 36 38 38 36 36 38 34
14 31 14 27 16 27 16 31
35 42 34 41 37 38 38 39
33 17 35 19 34 20 32 18
34 16 34 17 33 17 33 16
42 20 41 21 38 18 39 17
38 33 38 34 36 34 36 33
32 41 30 39 31 38 33 40
32 21 32 20 34 20 34 21
33 20 34 21 33 22 32 21
33 18 34 19 33 20 32 19
32 17 33 17 33 18 32 18
39 27 41 27 41 39 39 39
33 26 32 27 31 26 32 25
14 34 16 36 15 37 13 35
14 35 13 35 13 34 14 34
38 36 40 36 40 38 38 38
12 14 15 14 15 18 12 18
36 40 34 40 34 36 36 36
17 20 20 23 19 24 16 21
17 16 17 20 16 20 16 16
15 23 15 22 20 22 20 23
16 22 15 23 14 22 15 21
31 41 31 38 32 38 32 41
41 23 41 24 39 24 39 23
30 17 30 15 32 15 32 17
24 16 23 17 21 15 22 14
34 38 35 37 37 39 36 40
30 10 33 13 29 17 26 14
30 19 30 18 32 18 32 19
33 28 32 29 31 28 32 27
33 27 33 28 32 28 32 27
33 25 34 26 33 27 32 26
33 23 34 24 33 25 32 24
34 22 34 23 33 23 33 22
35 21 35 22 34 22 34 21
36 20 36 21 35 21 35 20
15 12 19 12 19 14 15 14
34 13 36 15 35 16 33 14
27 16 29 14 30 15 28 17
17 12 18 13 16 15 15 14
15 33 16 32 17 33 16 34
15 32 16 32 16 33 15 33
15 30 16 31 15 32 14 31
31 39 30 40 29 39 30 38
30 42 29 41 30 40 31 41
31 42 30 42 30 41 31 41
14 19 14 17 20 17 20 19
16 19 15 20 14 19 15 18
30 12 34 16 33 17 29 13
37 15 36 15 36 14 37 14
17 26 18 25 19 26 18 27
17 27 17 26 18 26 18 27
37 17 39 17 39 21 37 21
37 19 36 18 37 17 38 18
36 16 37 15 38 16 37 17
35 17 35 16 36 16 36 17
34 18 34 17 35 17 35 18
33 19 33 18 34 18 34 19
38 20 37 21 36 20 37 19
35 15 36 16 35 17 34 16
34 15 35 15 35 16 34 16
33 21 31 23 30 22 32 20
19 17 20 16 22 18 21 19
43 21 43 23 41 23 41 21
17 28 18 27 19 28 18 29
17 29 17 28 18 28 18 29
16 30 17 29 18 30 17 31
16 28 17 27 18 28 17 29
14 29 16 27 17 28 15 30
19 16 20 17 17 20 16 19
18 15 19 14 20 15 19 16
18 16 18 15 19 15 19 16
17 21 20 24 19 25 16 22
34 12 36 14 35 15 33 13
33 12 34 12 34 13 33 13
34 30 36 32 35 33 33 31
33 30 34 30 34 31 33 31
33 10 33 12 30 12 30 10
32 30 33 31 31 33 30 32
33 29 33 30 32 30 32 29
34 28 33 29 32 28 33 27
34 29 33 29 33 28 34 28
43 29 38 34 36 32 41 27
32 33 31 33 31 30 32 30
31 32 32 33 31 34 30 33
11 33 15 33 15 36 11 36
40 20 40 22 38 22 38 20
25 12 30 12 30 15 25 15
12 34 11 33 15 29 16 30
37 34 33 38 32 37 36 33
37 27 37 26 39 26 39 27
38 26 37 27 36 26 37 25
39 25 40 26 39 27 38 26
40 24 39 25 38 24 39 23
16 41 15 40 17 38 18 39
15 25 16 24 18 26 17 27
14 23 15 23 15 25 14 25
42 17 42 20 40 20 40 17
26 17 23 17 23 14 26 14
12 28 13 28 13 34 12 34
40 31 38 33 34 29 36 27
32 22 30 22 30 21 32 21
24 11 25 12 23 14 22 13
27 18 24 18 24 16 27 16
43 30 34 30 34 29 43 29
38 37 37 38 32 33 33 32
38 12 39 13 37 15 36 14
24 12 26 14 25 15 23 13
25 11 25 12 24 12 24 11
37 32 36 32 36 27 37 27
15 24 17 26 16 27 14 25
16 23 15 24 14 23 15 22
39 36 37 34 38 33 40 35
16 13 18 13 18 15 16 15
