42
13 17 14 17 14 18 13 18
18 13 14 17 11 14 15 10
7 12 7 10 15 10 15 12
27 12 22 17 18 13 23 8
23 12 21 14 20 13 22 11
3 16 7 12 13 18 9 22
18 7 18 13 10 13 10 7
22 21 19 21 19 17 22 17
27 11 27 12 23 12 23 11
26 10 27 11 20 18 19 17
22 10 23 11 21 13 20 12
20 14 20 13 21 13 21 14
26 7 26 10 22 10 22 7
22 3 26 7 22 11 18 7
18 3 22 3 22 7 18 7
17 4 18 3 22 7 21 8
10 22 9 22 9 13 10 13
12 16 13 17 12 18 11 17
18 17 18 13 19 13 19 17
25 18 22 21 18 17 21 14
7 16 10 13 11 14 8 17
11 23 8 23 8 17 11 17
3 12 7 12 7 16 3 16
19 12 20 12 20 13 19 13
7 18 7 16 12 16 12 18
13 10 10 13 7 10 10 7
13 15 13 17 11 17 11 15
12 14 13 15 12 16 11 15
15 19 11 23 10 22 14 18
19 11 19 10 22 10 22 11
15 17 18 17 18 19 15 19
18 12 19 11 20 12 19 13
16 18 15 17 19 13 20 14
20 16 12 16 12 14 20 14
25 16 25 18 20 18 20 16
27 14 25 16 19 10 21 8
18 22 15 19 16 18 19 21
21 19 21 22 18 22 18 19
14 16 15 17 14 18 13 17
27 19 21 19 21 14 27 14
26 20 20 14 21 13 27 19
17 11 18 12 14 16 13 15
