389
9 25 10 25 10 26 9 26
22 22 21 22 21 21 22 21
10 20 9 20 9 19 10 19
26 14 27 14 27 15 26 15
9 16 9 15 10 15 10 16
16 13 16 14 15 14 15 13
25 12 25 11 26 11 26 12
17 10 17 11 16 11 16 10
14 10 15 10 15 11 14 11
13 9 14 9 14 10 13 10
27 10 27 9 28 9 28 10
15 12 14 11 15 10 16 11
16 12 15 12 15 11 16 11
17 13 16 13 16 12 17 12
20 11 21 10 22 11 21 12
19 11 20 11 20 12 19 12
27 16 26 15 27 14 28 15
28 16 27 16 27 15 28 15
28 17 28 16 29 16 29 17
14 23 15 22 16 23 15 24
15 23 14 23 14 22 15 22
16 24 15 24 15 23 16 23
17 24 17 25 16 25 16 24
14 24 13 24 13 23 14 23
15 25 14 25 14 24 15 24
15 26 14 25 15 24 16 25
16 26 15 26 15 25 16 25
26 27 25 28 24 27 25 26
11 25 10 26 9 25 10 24
11 24 11 25 10 25 10 24
23 21 22 22 21 21 22 20
23 20 23 21 22 21 22 20
10 18 11 19 10 20 9 19
11 18 11 19 10 19 10 18
8 15 9 14 10 15 9 16
8 14 9 14 9 15 8 15
18 11 17 12 16 11 17 10
18 12 17 12 17 11 18 11
14 13 15 12 16 13 15 14
14 12 15 12 15 13 14 13
13 11 14 11 14 12 13 12
12 10 13 10 13 11 12 11
30 17 29 18 28 17 29 16
30 18 29 18 29 17 30 17
16 22 17 23 16 24 15 23
17 22 17 23 16 23 16 22
17 26 16 25 17 24 18 25
18 26 17 26 17 25 18 25
19 27 18 27 18 26 19 26
14 26 13 25 14 24 15 25
13 26 13 25 14 25 14 26
24 21 23 22 22 21 23 20
24 22 23 22 23 21 24 21
9 17 10 16 11 17 10 18
19 10 20 11 19 12 18 11
18 10 19 10 19 11 18 11
19 13 18 14 17 13 18 12
18 13 18 12 19 12 19 13
17 14 17 13 18 13 18 14
13 13 14 12 15 13 14 14
13 14 13 13 14 13 14 14
12 12 11 11 12 10 13 11
11 12 11 11 12 11 12 12
12 13 12 12 13 12 13 13
12 8 13 9 12 10 11 9
18 23 17 24 16 23 17 22
18 24 17 24 17 23 18 23
17 27 18 26 19 27 18 28
16 27 16 26 17 26 17 27
17 28 17 27 18 27 18 28
12 25 13 24 14 25 13 26
12 24 13 24 13 25 12 25
20 13 19 14 18 13 19 12
21 13 20 13 20 12 21 12
20 14 19 14 19 13 20 13
21 15 20 15 20 14 21 14
12 14 11 13 12 12 13 13
11 14 11 13 12 13 12 14
19 25 18 26 17 25 18 24
19 24 19 25 18 25 18 24
19 23 18 24 17 23 18 22
19 22 19 23 18 23 18 22
20 23 20 24 19 24 19 23
11 26 10 25 11 24 12 25
12 26 11 26 11 25 12 25
11 23 12 22 13 23 12 24
12 23 12 24 11 24 11 23
13 22 13 23 12 23 12 22
14 21 14 22 13 22 13 21
22 13 21 14 20 13 21 12
22 14 21 14 21 13 22 13
19 15 20 14 21 15 20 16
18 15 18 14 19 14 19 15
19 16 19 15 20 15 20 16
10 13 11 12 12 13 11 14
10 12 11 12 11 13 10 13
10 11 10 12 9 12 9 11
20 25 19 26 18 25 19 24
20 26 19 26 19 25 20 25
10 22 11 23 10 24 9 23
12 21 13 20 14 21 13 22
12 20 13 20 13 21 12 21
8 13 9 12 10 13 9 14
10 10 11 11 10 12 9 11
11 10 11 11 10 11 10 10
12 9 12 10 11 10 11 9
13 8 13 9 12 9 12 8
21 25 20 26 19 25 20 24
21 24 21 25 20 25 20 24
11 21 10 22 9 21 10 20
11 22 11 21 12 21 12 22
10 23 10 22 11 22 11 23
9 24 9 23 10 23 10 24
22 23 21 24 20 23 21 22
23 23 22 23 22 22 23 22
8 25 9 24 10 25 9 26
8 24 9 24 9 25 8 25
23 24 22 23 23 22 24 23
24 24 23 24 23 23 24 23
25 23 24 24 23 23 24 22
25 22 25 23 24 23 24 22
26 23 26 24 25 24 25 23
23 26 22 27 20 25 21 24
25 13 24 12 25 11 26 12
24 13 24 12 25 12 25 13
17 16 16 16 16 14 17 14
16 15 17 14 18 15 17 16
13 15 15 17 14 18 12 16
12 15 12 14 13 14 13 15
11 16 10 15 11 14 12 15
10 17 10 16 11 16 11 17
9 18 9 17 10 17 10 18
11 15 12 15 12 16 11 16
10 14 11 14 11 15 10 15
9 13 10 13 10 14 9 14
8 12 9 12 9 13 8 13
14 15 13 16 12 15 13 14
15 15 14 15 14 14 15 14
14 16 13 16 13 15 14 15
15 16 15 17 14 17 14 16
12 17 11 18 10 17 11 16
13 17 12 17 12 16 13 16
13 18 13 17 14 17 14 18
12 18 11 18 11 17 12 17
8 19 9 18 10 19 9 20
8 18 9 18 9 19 8 19
8 17 9 16 10 17 9 18
8 16 9 16 9 17 8 17
7 13 8 12 9 13 8 14
7 14 7 13 8 13 8 14
17 15 16 16 15 15 16 14
13 19 12 20 11 19 12 18
12 19 12 18 13 18 13 19
11 20 11 19 12 19 12 20
10 21 10 20 11 20 11 21
9 22 9 21 10 21 10 22
7 17 8 16 9 17 8 18
7 18 7 17 8 17 8 18
7 15 8 14 9 15 8 16
7 16 7 15 8 15 8 16
18 16 17 15 18 14 19 15
14 19 13 20 12 19 13 18
14 20 13 20 13 19 14 19
8 23 9 22 10 23 9 24
8 22 9 22 9 23 8 23
8 21 9 20 10 21 9 22
8 20 9 20 9 21 8 21
6 17 7 16 8 17 7 18
6 16 7 16 7 17 6 17
6 15 7 14 8 15 7 16
6 14 7 14 7 15 6 15
15 21 14 22 13 21 14 20
15 20 15 21 14 21 14 20
16 21 16 22 15 22 15 21
15 19 14 20 13 19 14 18
15 18 15 19 14 19 14 18
16 17 16 18 15 18 15 17
7 23 8 22 9 23 8 24
7 24 7 23 8 23 8 24
7 21 8 20 9 21 8 22
7 22 7 21 8 21 8 22
7 19 8 18 9 19 8 20
7 20 7 19 8 19 8 20
5 15 6 14 7 15 6 16
5 16 5 15 6 15 6 16
16 19 15 20 14 19 15 18
16 20 15 20 15 19 16 19
6 23 7 22 8 23 7 24
6 22 7 22 7 23 6 23
6 21 7 20 8 21 7 22
6 20 7 20 7 21 6 21
6 19 7 18 8 19 7 20
6 18 7 18 7 19 6 19
17 21 16 22 15 21 16 20
17 20 17 21 16 21 16 20
18 21 18 22 17 22 17 21
17 19 16 20 15 19 16 18
17 18 17 19 16 19 16 18
5 21 6 20 7 21 6 22
5 22 5 21 6 21 6 22
5 19 6 18 7 19 6 20
5 20 5 19 6 19 6 20
5 17 6 16 7 17 6 18
5 18 5 17 6 17 6 18
18 20 19 21 18 22 17 21
18 19 18 20 17 20 17 19
19 20 19 21 18 21 18 20
18 17 17 18 16 17 17 16
19 17 18 17 18 16 19 16
18 18 17 18 17 17 18 17
19 19 18 19 18 18 19 18
4 21 5 20 6 21 5 22
4 20 5 20 5 21 4 21
4 19 5 18 6 19 5 20
4 18 5 18 5 19 4 19
4 17 5 16 6 17 5 18
4 16 5 16 5 17 4 17
20 21 19 22 18 21 19 20
20 22 19 22 19 21 20 21
21 23 20 23 20 22 21 22
22 24 21 24 21 23 22 23
22 25 22 24 23 24 23 25
20 19 19 20 18 19 19 18
20 20 19 20 19 19 20 19
21 20 21 21 20 21 20 20
20 17 19 18 18 17 19 16
21 16 21 17 20 17 20 16
20 18 19 18 19 17 20 17
3 19 4 18 5 19 4 20
3 20 3 19 4 19 4 20
3 17 4 16 5 17 4 18
3 18 3 17 4 17 4 18
22 26 21 25 22 24 23 25
21 26 21 25 22 25 22 26
23 27 22 27 22 26 23 26
22 15 21 16 20 15 21 14
22 16 21 16 21 15 22 15
21 19 20 20 19 19 20 18
21 18 21 19 20 19 20 18
22 17 22 18 21 18 21 17
22 19 22 20 21 20 21 19
2 19 3 18 4 19 3 20
2 18 3 18 3 19 2 19
23 17 22 18 21 17 22 16
23 16 23 17 22 17 22 16
23 15 22 16 21 15 22 14
23 14 23 15 22 15 22 14
23 13 24 13 24 14 23 14
23 19 22 20 21 19 22 18
23 18 23 19 22 19 22 18
24 18 23 18 23 17 24 17
24 15 23 16 22 15 23 14
24 16 23 16 23 15 24 15
23 12 24 13 23 14 22 13
22 12 23 12 23 13 22 13
21 11 22 11 22 12 21 12
20 10 21 10 21 11 20 11
19 9 20 9 20 10 19 10
24 19 23 20 22 19 23 18
24 20 23 20 23 19 24 19
25 17 24 18 23 17 24 16
25 16 25 17 24 17 24 16
25 15 24 16 23 15 24 14
25 14 25 15 24 15 24 14
26 13 26 14 25 14 25 13
26 16 25 16 25 15 26 15
25 21 24 22 23 21 24 20
25 20 25 21 24 21 24 20
25 19 24 20 23 19 24 18
25 18 25 19 24 19 24 18
26 19 26 20 25 20 25 19
26 21 25 22 24 21 25 20
26 22 25 22 25 21 26 21
27 23 26 23 26 22 27 22
26 18 27 19 26 20 25 19
26 17 26 18 25 18 25 17
27 17 26 17 26 16 27 16
27 18 27 19 26 19 26 18
28 18 27 18 27 17 28 17
28 19 28 18 29 18 29 19
27 21 26 22 25 21 26 20
27 20 27 21 26 21 26 20
28 20 27 20 27 19 28 19
28 21 28 22 27 22 27 21
29 21 28 22 27 21 28 20
29 20 29 21 28 21 28 20
30 19 29 20 28 19 29 18
30 20 29 20 29 19 30 19
31 19 30 20 29 19 30 18
31 18 31 19 30 19 30 18
28 26 26 24 27 23 29 25
24 26 24 24 25 24 25 26
25 25 24 26 23 25 24 24
27 12 26 13 25 12 26 11
27 13 26 13 26 12 27 12
23 11 24 12 23 13 22 12
24 11 24 12 23 12 23 11
23 10 24 11 23 12 22 11
22 10 23 10 23 11 22 11
27 24 27 27 26 27 26 24
28 23 27 24 26 23 27 22
28 24 27 24 27 23 28 23
15 9 16 10 15 11 14 10
16 9 16 10 15 10 15 9
15 8 16 9 15 10 14 9
14 8 15 8 15 9 14 9
28 14 27 15 26 14 27 13
28 13 28 14 27 14 27 13
21 29 20 29 20 26 21 26
26 28 25 29 23 27 24 26
25 27 26 27 26 28 25 28
27 11 28 12 27 13 26 12
26 10 27 10 27 11 26 11
28 11 28 12 27 12 27 11
24 10 23 11 22 10 23 9
24 9 24 10 23 10 23 9
25 10 25 11 24 11 24 10
21 9 22 10 21 11 20 10
22 9 22 10 21 10 21 9
23 8 24 9 23 10 22 9
22 8 23 8 23 9 22 9
21 8 22 9 21 10 20 9
20 8 21 8 21 9 20 9
19 30 17 28 18 27 20 29
21 7 22 8 21 9 20 8
22 7 22 8 21 8 21 7
17 9 18 10 17 11 16 10
18 9 18 10 17 10 17 9
19 8 20 9 19 10 18 9
18 8 19 8 19 9 18 9
17 8 18 9 17 10 16 9
16 8 17 8 17 9 16 9
19 7 20 8 19 9 18 8
20 7 20 8 19 8 19 7
21 6 22 7 21 8 20 7
20 6 21 6 21 7 20 7
25 9 26 10 25 11 24 10
26 9 26 10 25 10 25 9
27 8 28 9 27 10 26 9
26 8 27 8 27 9 26 9
25 8 26 9 25 10 24 9
24 8 25 8 25 9 24 9
15 7 16 8 15 9 14 8
16 7 16 8 15 8 15 7
25 7 26 8 25 9 24 8
26 7 26 8 25 8 25 7
29 12 28 13 27 12 28 11
29 13 28 13 28 12 29 12
14 29 14 26 15 26 15 29
23 7 24 8 23 9 22 8
24 7 24 8 23 8 23 7
25 6 26 7 25 8 24 7
24 6 25 6 25 7 24 7
23 6 24 7 23 8 22 7
22 6 23 6 23 7 22 7
17 7 18 8 17 9 16 8
18 7 18 8 17 8 17 7
19 6 20 7 19 8 18 7
18 6 19 6 19 7 18 7
17 6 18 7 17 8 16 7
16 6 17 6 17 7 16 7
19 5 20 6 19 7 18 6
20 5 20 6 19 6 19 5
23 5 24 6 23 7 22 6
24 5 24 6 23 6 23 5
17 5 18 6 17 7 16 6
18 5 18 6 17 6 17 5
19 4 20 5 19 6 18 5
18 4 19 4 19 5 18 5
21 5 22 6 21 7 20 6
22 5 22 6 21 6 21 5
23 4 24 5 23 6 22 5
22 4 23 4 23 5 22 5
21 4 22 5 21 6 20 5
20 4 21 4 21 5 20 5
21 3 22 4 21 5 20 4
22 3 22 4 21 4 21 3
15 30 14 29 16 27 17 28
14 28 16 26 17 27 15 29
20 28 22 26 23 27 21 29
12 31 9 28 11 26 14 29
13 28 12 28 12 26 13 26
19 3 20 4 19 5 18 4
20 3 20 4 19 4 19 3
21 2 22 3 21 4 20 3
20 2 21 2 21 3 20 3
22 30 19 30 19 27 22 27
9 31 9 28 12 28 12 31
7 29 10 26 12 28 9 31
