211
12 20 13 20 13 21 12 21
11 22 11 21 12 21 12 22
20 15 20 16 19 16 19 15
11 12 11 11 12 11 12 12
18 9 18 8 19 8 19 9
17 9 18 9 18 10 17 10
16 9 17 10 16 11 15 10
16 12 17 13 16 14 15 13
20 14 21 15 20 16 19 15
21 14 21 15 20 15 20 14
22 13 22 14 21 14 21 13
14 17 13 18 12 17 13 16
12 23 11 22 12 21 13 22
13 23 12 23 12 22 13 22
21 12 22 13 21 14 20 13
22 12 21 12 21 11 22 11
20 12 21 12 21 13 20 13
23 13 22 14 21 13 22 12
23 12 23 13 22 13 22 12
19 13 20 12 21 13 20 14
19 14 19 13 20 13 20 14
24 13 23 14 22 13 23 12
24 14 23 14 23 13 24 13
18 15 19 14 20 15 19 16
18 14 19 14 19 15 18 15
18 12 19 13 18 14 17 13
18 13 18 12 19 12 19 13
17 14 17 13 18 13 18 14
15 14 13 16 12 15 14 13
16 13 16 14 15 14 15 13
17 12 17 13 16 13 16 12
16 15 15 14 16 13 17 14
17 15 16 15 16 14 17 14
18 11 19 12 18 13 17 12
17 11 18 11 18 12 17 12
16 10 17 10 17 11 16 11
15 9 16 9 16 10 15 10
15 12 16 11 17 12 16 13
14 12 15 12 15 13 14 13
15 11 16 11 16 12 15 12
14 11 14 10 15 10 15 11
13 11 14 11 14 12 13 12
16 16 15 15 16 14 17 15
15 16 15 15 16 15 16 16
18 16 17 15 18 14 19 15
17 16 17 15 18 15 18 16
16 17 16 16 17 16 17 17
19 10 18 11 17 10 18 9
19 11 18 11 18 10 19 10
20 11 20 12 19 12 19 11
16 8 17 9 16 10 15 9
17 8 17 9 16 9 16 8
13 9 14 8 15 9 14 10
13 8 13 9 12 9 12 8
12 10 13 11 12 12 11 11
13 10 13 11 12 11 12 10
14 9 14 10 13 10 13 9
15 8 15 9 14 9 14 8
20 10 21 11 20 12 19 11
20 9 20 10 19 10 19 9
21 10 21 11 20 11 20 10
18 7 19 8 18 9 17 8
17 7 18 7 18 8 17 8
12 7 13 8 12 9 11 8
11 7 12 7 12 8 11 8
11 9 12 8 13 9 12 10
11 10 11 9 12 9 12 10
16 7 17 8 16 9 15 8
15 7 16 7 16 8 15 8
14 7 15 8 14 9 13 8
13 7 14 7 14 8 13 8
16 6 17 7 16 8 15 7
17 6 17 7 16 7 16 6
14 6 15 7 14 8 13 7
15 6 15 7 14 7 14 6
12 6 13 7 12 8 11 7
13 6 13 7 12 7 12 6
16 5 17 6 16 7 15 6
15 5 16 5 16 6 15 6
14 5 15 6 14 7 13 6
13 5 14 5 14 6 13 6
14 4 15 5 14 6 13 5
15 4 15 5 14 5 14 4
19 20 18 19 19 18 20 19
19 19 20 19 20 20 19 20
18 18 19 18 19 19 18 19
19 17 18 18 17 17 18 16
18 17 18 16 19 16 19 17
17 18 17 17 18 17 18 18
20 17 19 18 18 17 19 16
20 18 19 18 19 17 20 17
21 19 20 20 19 19 20 18
21 18 21 19 20 19 20 18
21 17 20 18 19 17 20 16
21 16 21 17 20 17 20 16
22 17 21 18 20 17 21 16
22 18 21 18 21 17 22 17
22 15 21 16 20 15 21 14
23 15 22 15 22 14 23 14
22 16 21 16 21 15 22 15
23 19 22 20 21 19 22 18
24 20 23 20 23 19 24 19
23 17 22 18 21 17 22 16
23 16 23 17 22 17 22 16
24 15 23 16 22 15 23 14
24 16 23 16 23 15 24 15
25 15 24 16 23 15 24 14
25 14 25 15 24 15 24 14
14 15 14 17 12 17 12 15
14 14 15 14 15 15 14 15
13 13 14 12 15 13 14 14
12 13 12 12 13 12 13 13
13 14 13 13 14 13 14 14
11 14 10 13 11 12 12 13
11 16 10 15 11 14 12 15
12 18 11 17 14 14 15 15
11 18 11 17 12 17 12 18
12 19 12 18 13 18 13 19
11 19 12 18 13 19 12 20
11 20 11 19 12 19 12 20
10 17 11 16 12 17 11 18
10 16 11 16 11 17 10 17
9 16 9 15 10 15 10 16
10 19 11 18 12 19 11 20
10 18 11 18 11 19 10 19
9 18 8 17 9 16 10 17
8 18 9 18 9 19 8 19
9 17 10 17 10 18 9 18
8 16 9 16 9 17 8 17
9 14 10 15 9 16 8 15
8 14 9 14 9 15 8 15
10 20 9 19 10 18 11 19
9 20 9 19 10 19 10 20
10 21 10 20 11 20 11 21
7 19 8 18 9 19 8 20
7 20 7 19 8 19 8 20
7 17 8 16 9 17 8 18
7 18 7 17 8 17 8 18
7 15 8 14 9 15 8 16
7 16 7 15 8 15 8 16
6 19 7 18 8 19 7 20
6 18 7 18 7 19 6 19
6 17 7 16 8 17 7 18
6 16 7 16 7 17 6 17
5 17 6 16 7 17 6 18
5 18 5 17 6 17 6 18
14 21 17 18 18 19 15 22
14 22 13 22 13 21 14 21
10 11 11 10 12 11 11 12
10 10 11 10 11 11 10 11
22 21 20 19 21 18 23 20
23 21 22 21 22 20 23 20
25 20 24 21 23 20 24 19
25 21 24 21 24 20 25 20
24 22 23 21 24 20 25 21
23 22 23 21 24 21 24 22
25 22 24 23 23 22 24 21
25 23 24 23 24 22 25 22
23 23 24 22 25 23 24 24
22 22 23 22 23 23 22 23
23 24 23 23 24 23 24 24
21 21 22 20 23 21 22 22
21 22 21 21 22 21 22 22
20 22 19 21 20 20 21 21
16 23 17 23 17 24 16 24
20 21 17 24 16 23 19 20
21 20 21 21 20 21 20 20
22 19 22 20 21 20 21 19
23 18 23 19 22 19 22 18
19 22 19 21 20 21 20 22
24 17 23 18 22 17 23 16
24 18 23 18 23 17 24 17
25 19 24 20 23 19 24 18
25 18 25 19 24 19 24 18
25 17 24 18 23 17 24 16
25 16 25 17 24 17 24 16
26 17 25 18 24 17 25 16
26 18 25 18 25 17 26 17
26 15 25 16 24 15 25 14
26 16 25 16 25 15 26 15
27 17 26 18 25 17 26 16
27 16 27 17 26 17 26 16
15 21 17 23 16 24 14 22
7 13 10 10 11 11 8 14
9 12 11 12 11 14 9 14
8 13 9 12 10 13 9 14
7 14 7 13 8 13 8 14
8 11 9 10 10 11 9 12
6 15 7 14 8 15 7 16
6 14 7 14 7 15 6 15
5 15 6 14 7 15 6 16
5 16 5 15 6 15 6 16
4 17 5 16 6 17 5 18
4 16 5 16 5 17 4 17
18 20 13 20 13 19 18 19
18 21 18 20 19 20 19 21
17 19 18 18 19 19 18 20
23 9 24 10 22 12 21 11
15 17 15 21 14 21 14 17
16 18 15 17 16 16 17 17
21 7 22 8 20 10 19 9
24 7 24 10 21 10 21 7
23 6 24 7 21 10 20 9
20 6 23 6 23 9 20 9
19 5 20 6 18 8 17 7
22 5 22 8 19 8 19 5
18 22 15 22 15 21 18 21
17 21 18 20 19 21 18 22
14 20 16 18 17 19 15 21
14 19 13 20 12 19 13 18
15 18 14 17 15 16 16 17
