74
22 30 22 32 15 32 15 30
18 38 18 31 19 31 19 38
25 35 25 36 21 36 21 35
11 31 14 28 17 31 14 34
18 28 26 28 26 29 18 29
22 33 26 29 29 32 25 36
31 17 31 21 28 21 28 17
24 20 25 21 24 22 23 21
31 22 31 21 36 21 36 22
20 19 24 19 24 20 20 20
13 26 20 19 25 24 18 31
14 38 14 34 15 34 15 38
31 24 28 27 25 24 28 21
34 23 21 36 15 30 28 17
21 40 19 38 21 36 23 38
14 19 14 17 20 17 20 19
16 38 12 34 18 28 22 32
16 36 14 38 12 36 14 34
25 22 31 22 31 24 25 24
24 16 34 26 30 30 20 20
29 14 32 17 28 21 25 18
32 30 32 17 37 17 37 30
15 33 22 33 22 34 15 34
12 28 14 28 14 34 12 34
13 24 20 17 25 22 18 29
29 31 25 35 22 32 26 28
19 33 21 35 18 38 16 36
11 21 17 21 17 31 11 31
35 27 29 27 29 16 35 16
25 37 22 34 29 27 32 30
23 18 25 18 25 21 23 21
38 26 34 26 34 23 38 23
20 28 22 30 19 33 17 31
27 31 22 26 31 17 36 22
37 32 29 32 29 31 37 31
18 24 18 28 14 28 14 24
40 32 37 35 32 30 35 27
33 17 27 23 25 21 31 15
12 21 14 19 15 20 13 22
16 24 18 22 22 26 20 28
11 14 12 13 15 16 14 17
21 31 21 23 27 23 27 31
24 17 25 18 24 19 23 18
32 15 32 17 31 17 31 15
34 37 25 37 25 36 34 36
20 16 24 16 24 17 20 17
24 14 29 14 29 16 24 16
19 36 15 32 18 29 22 33
24 24 18 24 18 22 24 22
36 25 34 23 36 21 38 23
40 35 37 35 37 32 40 32
28 31 28 27 29 27 29 31
41 30 34 37 29 32 36 25
20 15 20 16 15 16 15 15
35 35 34 36 29 31 30 30
19 19 20 20 18 22 17 21
41 31 37 31 37 30 41 30
18 23 15 20 20 15 23 18
28 8 32 12 24 20 20 16
14 18 17 21 14 24 11 21
14 22 14 24 13 24 13 22
29 33 22 33 22 32 29 32
47 25 41 31 31 21 37 15
47 22 47 25 36 25 36 22
10 26 14 22 16 24 12 28
26 30 26 29 30 29 30 30
37 12 37 15 32 15 32 12
20 10 24 14 19 19 15 15
10 24 13 24 13 26 10 26
41 16 36 21 32 17 37 12
14 20 18 24 14 28 10 24
15 22 14 22 14 20 15 20
31 10 31 15 20 15 20 10
50 25 40 35 37 32 47 22
