133
41 43 42 43 42 44 41 44
41 35 40 35 40 34 41 34
19 21 20 21 20 22 19 22
41 33 35 33 35 27 41 27
42 34 41 35 40 34 41 33
42 33 42 34 41 34 41 33
35 26 42 33 41 34 34 27
34 26 35 26 35 27 34 27
35 25 36 26 35 27 34 26
36 25 36 26 35 26 35 25
36 24 35 25 34 24 35 23
37 24 37 25 36 25 36 24
41 42 42 43 41 44 40 43
40 42 41 42 41 43 40 43
42 42 41 43 40 42 41 41
42 41 42 42 41 42 41 41
31 18 37 24 36 25 30 19
31 19 30 19 30 18 31 18
32 18 31 19 30 18 31 17
32 17 32 18 31 18 31 17
31 16 32 15 33 16 32 17
21 20 24 20 24 26 21 26
19 20 20 19 21 20 20 21
18 20 23 15 24 16 19 21
18 21 18 20 19 20 19 21
17 20 18 19 19 20 18 21
17 19 18 19 18 20 17 20
18 29 33 29 33 32 18 32
23 34 22 35 17 30 18 29
23 35 22 35 22 34 23 34
24 34 23 35 22 34 23 33
24 33 24 34 23 34 23 33
32 23 35 23 35 25 32 25
33 24 32 25 31 24 32 23
27 36 26 37 23 34 24 33
27 37 26 37 26 36 27 36
28 36 27 37 26 36 27 35
28 35 28 36 27 36 27 35
22 21 20 21 20 19 22 19
23 20 22 21 21 20 22 19
24 23 28 27 27 28 23 24
24 21 25 22 24 23 23 22
28 15 23 15 23 14 28 14
29 16 28 17 27 16 28 15
22 23 23 24 21 26 20 25
21 22 22 21 23 22 22 23
20 23 19 22 20 21 21 22
31 14 33 14 33 16 31 16
32 13 33 14 32 15 31 14
28 44 27 43 31 39 32 40
22 47 16 41 22 35 28 41
19 10 23 14 18 19 14 15
18 23 20 23 20 25 18 25
17 22 18 21 19 22 18 23
34 10 38 14 30 22 26 18
36 10 36 24 34 24 34 10
52 26 36 42 20 26 36 10
15 44 15 41 16 41 16 44
18 47 15 44 21 38 24 41
44 19 44 24 39 24 39 19
49 24 44 29 39 24 44 19
21 10 21 20 19 20 19 10
49 26 44 26 44 24 49 24
49 30 41 38 34 31 42 23
52 30 49 30 49 26 52 26
25 20 28 17 30 19 27 22
24 19 25 20 24 21 23 20
18 13 21 10 27 16 24 19
18 14 20 14 20 19 18 19
17 43 16 44 14 42 15 41
42 16 42 23 35 23 35 16
26 11 31 16 28 19 23 14
30 11 30 18 26 18 26 11
39 44 34 39 35 38 40 43
13 23 17 19 18 20 14 24
13 21 18 21 18 23 13 23
38 20 39 19 41 21 40 22
37 14 38 14 38 20 37 20
35 12 37 14 35 16 33 14
12 26 14 24 20 30 18 32
24 17 28 17 28 19 24 19
17 16 24 16 24 17 17 17
35 44 35 38 39 38 39 44
18 35 22 35 22 47 18 47
42 17 21 38 18 35 39 14
24 44 24 41 28 41 28 44
36 43 35 44 27 36 28 35
18 26 24 20 33 29 27 35
12 29 12 26 18 26 18 29
17 34 17 30 20 30 20 34
9 32 12 29 17 34 14 37
9 35 9 32 14 32 14 35
4 30 13 21 18 26 9 35
4 22 17 22 17 30 4 30
10 16 20 26 14 32 4 22
28 22 28 19 30 19 30 22
24 18 28 22 24 26 20 22
24 10 28 14 24 18 20 14
27 10 27 16 24 16 24 10
40 26 44 26 44 29 40 29
43 23 44 24 41 27 40 26
42 30 42 23 43 23 43 30
41 29 37 25 40 22 44 26
37 35 36 34 41 29 42 30
37 42 37 35 40 35 40 42
37 43 36 43 36 42 37 42
25 24 23 24 23 22 25 22
25 39 25 24 31 24 31 39
14 39 25 39 25 42 14 42
27 27 27 22 28 22 28 27
38 16 52 30 41 41 27 27
38 39 39 38 42 41 41 42
16 28 16 27 27 27 27 28
29 17 29 16 31 16 31 17
30 38 35 33 36 34 31 39
30 33 35 33 35 38 30 38
38 25 43 30 35 38 30 33
38 23 39 24 38 25 37 24
33 19 33 24 31 24 31 19
21 30 20 30 20 26 21 26
20 27 18 29 16 27 18 25
27 20 27 22 25 22 25 20
29 34 28 35 20 27 21 26
29 42 29 34 36 34 36 42
41 30 29 42 28 41 40 29
38 31 38 39 34 39 34 31
36 29 40 29 40 34 36 34
34 33 25 42 24 41 33 32
33 26 33 24 34 24 34 26
29 26 34 31 33 32 28 27
29 33 24 33 24 26 29 26
28 31 28 27 34 27 34 31
27 29 23 33 20 30 24 26
