224
26 25 26 26 25 26 25 25
19 27 18 27 18 26 19 26
12 27 12 26 13 26 13 27
9 25 10 25 10 26 9 26
20 26 19 26 19 25 20 25
11 23 10 23 10 22 11 22
16 18 17 18 17 19 16 19
15 17 16 17 16 18 15 18
21 10 21 9 22 9 22 10
11 8 12 9 11 10 10 9
10 8 11 8 11 9 10 9
21 15 20 14 21 13 22 14
13 19 12 18 13 17 14 18
17 16 18 17 17 18 16 17
16 16 17 16 17 17 16 17
17 15 18 15 18 16 17 16
12 21 11 22 10 21 11 20
17 27 16 26 17 25 18 26
14 26 13 27 12 26 13 25
14 25 14 26 13 26 13 25
8 26 9 25 10 26 9 27
8 27 8 26 9 26 9 27
15 19 14 18 15 17 16 18
14 19 14 18 15 18 15 19
14 16 15 15 16 16 15 17
15 25 16 26 15 27 14 26
15 20 14 19 15 18 16 19
16 20 15 20 15 19 16 19
16 25 17 24 19 26 18 27
15 26 15 25 16 25 16 26
14 27 14 26 15 26 15 27
16 24 17 24 17 25 16 25
15 24 16 25 15 26 14 25
14 24 15 24 15 25 14 25
13 28 12 27 13 26 14 27
14 28 13 28 13 27 14 27
18 24 17 25 16 24 17 23
18 23 18 24 17 24 17 23
15 23 16 24 15 25 14 24
16 23 16 24 15 24 15 23
17 22 18 23 17 24 16 23
16 22 17 22 17 23 16 23
15 21 16 22 15 23 14 22
14 20 15 19 16 20 15 21
13 20 13 19 14 19 14 20
12 20 13 20 13 21 12 21
14 21 14 20 15 20 15 21
13 22 13 21 14 21 14 22
12 22 14 24 13 25 11 23
11 21 12 21 12 22 11 22
10 20 11 20 11 21 10 21
11 19 12 20 11 21 10 20
12 19 12 20 11 20 11 19
13 18 13 19 12 19 12 18
14 17 14 18 13 18 13 17
15 16 15 17 14 17 14 16
16 15 16 16 15 16 15 15
10 18 11 17 12 18 11 19
17 14 18 15 17 16 16 15
16 14 17 14 17 15 16 15
16 13 16 14 15 14 15 13
14 15 15 14 16 15 15 16
14 14 15 14 15 15 14 15
18 14 17 15 16 14 17 13
18 13 18 14 17 14 17 13
15 12 16 13 15 14 14 13
16 12 15 12 15 11 16 11
17 12 17 13 16 13 16 12
14 12 15 12 15 13 14 13
18 11 17 12 16 11 17 10
13 13 14 14 11 17 10 16
13 14 13 13 14 13 14 14
12 13 13 12 14 13 13 14
12 12 13 12 13 13 12 13
13 11 14 12 13 13 12 12
13 10 13 11 12 11 12 10
14 11 14 12 13 12 13 11
15 10 16 11 15 12 14 11
14 10 15 10 15 11 14 11
13 9 14 10 13 11 12 10
14 9 14 10 13 10 13 9
13 8 14 9 13 10 12 9
12 8 13 8 13 9 12 9
11 7 12 8 11 9 10 8
12 7 12 8 11 8 11 7
22 19 22 25 20 25 20 19
22 18 23 18 23 19 22 19
23 17 24 18 23 19 22 18
24 17 24 18 23 18 23 17
19 14 23 18 22 19 18 15
19 15 18 15 18 14 19 14
19 13 20 14 19 15 18 14
20 13 20 14 19 14 19 13
19 12 20 13 19 14 18 13
18 12 19 12 19 13 18 13
17 11 18 11 18 12 17 12
16 10 17 10 17 11 16 11
15 9 16 10 15 11 14 10
16 9 16 10 15 10 15 9
15 8 16 9 15 10 14 9
14 8 15 8 15 9 14 9
13 7 14 8 13 9 12 8
14 7 14 8 13 8 13 7
13 6 14 7 13 8 12 7
12 6 13 6 13 7 12 7
20 15 20 19 19 19 19 15
21 14 21 15 20 15 20 14
22 13 22 14 21 14 21 13
21 12 22 13 21 14 20 13
20 12 21 12 21 13 20 13
19 11 20 12 19 13 18 12
20 11 20 12 19 12 19 11
19 10 20 11 19 12 18 11
18 10 19 10 19 11 18 11
22 11 21 12 20 11 21 10
17 9 18 10 17 11 16 10
18 9 18 10 17 10 17 9
20 10 19 11 18 10 19 9
20 9 20 10 19 10 19 9
21 11 20 11 20 10 21 10
22 12 21 12 21 11 22 11
17 8 18 9 17 10 16 9
16 8 17 8 17 9 16 9
21 8 22 9 21 10 20 9
20 8 21 8 21 9 20 9
19 8 20 9 19 10 18 9
18 8 19 8 19 9 18 9
15 7 16 8 15 9 14 8
16 7 16 8 15 8 15 7
19 7 20 8 19 9 18 8
20 7 20 8 19 8 19 7
17 7 18 8 17 9 16 8
18 7 18 8 17 8 17 7
15 6 16 7 15 8 14 7
14 6 15 6 15 7 14 7
19 6 20 7 19 8 18 7
18 6 19 6 19 7 18 7
17 6 18 7 17 8 16 7
16 6 17 6 17 7 16 7
13 5 14 6 13 7 12 6
14 5 14 6 13 6 13 5
17 5 18 6 17 7 16 6
18 5 18 6 17 6 17 5
15 5 16 6 15 7 14 6
16 5 16 6 15 6 15 5
17 4 18 5 17 6 16 5
16 4 17 4 17 5 16 5
15 4 16 5 15 6 14 5
14 4 15 4 15 5 14 5
15 3 16 4 15 5 14 4
16 3 16 4 15 4 15 3
12 16 12 18 10 18 10 16
18 19 24 13 27 16 21 22
17 20 16 19 17 18 18 19
18 20 17 20 17 19 18 19
17 21 16 20 17 19 18 20
16 21 16 20 17 20 17 21
15 22 15 21 16 21 16 22
14 23 14 22 15 22 15 23
18 22 17 23 16 22 17 21
18 21 18 22 17 22 17 21
12 25 12 22 13 22 13 25
13 24 14 25 13 26 12 25
12 23 13 22 14 23 13 24
11 24 10 23 11 22 12 23
11 26 10 25 11 24 12 25
11 25 12 25 12 26 11 26
10 24 11 24 11 25 10 25
11 27 10 26 11 25 12 26
10 27 10 26 11 26 11 27
9 28 8 27 9 26 10 27
10 28 9 28 9 27 10 27
11 28 10 27 11 26 12 27
12 28 11 28 11 27 12 27
11 29 10 28 11 27 12 28
10 29 10 28 11 28 11 29
13 29 12 28 13 27 14 28
12 29 12 28 13 28 13 29
11 30 10 29 11 28 12 29
12 30 11 30 11 29 12 29
9 19 9 17 11 17 11 19
8 18 9 17 10 18 9 19
8 20 8 18 10 18 10 20
9 21 8 20 9 19 10 20
9 22 9 21 10 21 10 22
22 17 22 18 18 18 18 17
12 15 14 15 14 16 12 16
13 16 12 15 13 14 14 15
12 17 13 16 14 17 13 18
9 23 10 22 11 23 10 24
9 24 9 23 10 23 10 24
8 25 9 24 10 25 9 26
8 24 9 24 9 25 8 25
8 23 9 22 10 23 9 24
8 22 9 22 9 23 8 23
27 21 18 21 18 20 27 20
23 11 22 12 21 11 22 10
23 10 23 11 22 11 22 10
23 14 23 17 22 17 22 14
7 23 8 22 9 23 8 24
7 24 7 23 8 23 8 24
24 12 24 13 22 13 22 12
27 23 25 25 24 24 26 22
26 23 23 26 22 25 25 22
27 22 27 23 26 23 26 22
28 23 27 24 26 23 27 22
28 24 27 24 27 23 28 23
25 12 24 13 22 11 23 10
23 25 18 20 19 19 24 24
22 26 22 25 23 25 23 26
26 19 26 22 25 22 25 19
26 20 20 26 19 25 25 19
25 20 23 18 24 17 26 19
24 21 20 25 18 23 22 19
26 21 25 22 24 21 25 20
28 21 27 22 26 21 27 20
28 22 27 22 27 21 28 21
29 23 28 24 27 23 28 22
29 22 29 23 28 23 28 22
22 16 19 19 18 18 21 15
24 14 25 15 23 17 22 16
23 22 25 22 25 25 23 25
21 23 18 23 18 22 21 22
21 19 18 16 19 15 22 18
