117
23 26 23 25 24 25 24 26
27 18 27 19 26 19 26 18
17 17 18 17 18 18 17 18
14 13 14 12 15 12 15 13
8 16 9 15 10 16 9 17
16 25 15 26 14 25 15 24
16 18 17 17 18 18 17 19
16 19 16 18 17 18 17 19
14 19 15 18 16 19 15 20
12 19 13 18 14 19 13 20
20 24 20 26 15 26 15 24
16 20 17 19 21 23 20 24
15 19 16 19 16 20 15 20
14 18 15 18 15 19 14 19
13 17 14 17 14 18 13 18
15 17 16 18 15 19 14 18
16 17 16 18 15 18 15 17
17 16 18 17 17 18 16 17
16 16 17 16 17 17 16 17
15 16 16 17 15 18 14 17
14 16 15 16 15 17 14 17
15 15 16 16 15 17 14 16
16 15 16 16 15 16 15 15
17 14 18 15 17 16 16 15
15 14 16 15 15 16 14 15
14 14 15 14 15 15 14 15
13 13 14 13 14 14 13 14
16 13 15 14 14 13 15 12
16 14 15 14 15 13 16 13
17 15 16 15 16 14 17 14
18 16 17 16 17 15 18 15
13 15 12 14 13 13 14 14
12 15 12 14 13 14 13 15
13 16 13 15 14 15 14 16
17 12 18 13 17 14 16 13
12 16 13 15 14 16 13 17
12 17 12 16 13 16 13 17
11 15 12 16 11 17 10 16
11 16 11 15 12 15 12 16
10 17 10 16 11 16 11 17
11 18 10 17 11 16 12 17
12 18 11 18 11 17 12 17
13 19 12 19 12 18 13 18
14 20 13 20 13 19 14 19
11 20 10 19 11 18 12 19
15 21 14 20 15 19 16 20
14 21 14 20 15 20 15 21
13 22 12 21 13 20 14 21
15 22 14 21 15 20 16 21
16 22 15 22 15 21 16 21
14 22 15 21 16 22 15 23
13 21 14 21 14 22 13 22
12 20 13 20 13 21 12 21
11 19 12 19 12 20 11 20
10 18 11 18 11 19 10 19
9 18 9 17 10 17 10 18
14 23 14 22 15 22 15 23
13 24 12 23 13 22 14 23
16 23 15 24 14 23 15 22
19 13 17 15 16 14 18 12
19 12 19 13 18 13 18 12
19 14 18 13 19 12 20 13
20 14 19 14 19 13 20 13
23 20 26 23 24 25 21 22
23 21 16 21 16 20 23 20
21 13 20 14 19 13 20 12
21 12 21 13 20 13 20 12
21 14 20 13 21 12 22 13
22 14 21 14 21 13 22 13
19 17 22 14 26 18 23 21
19 16 19 17 18 17 18 16
20 15 19 16 18 15 19 14
21 15 20 15 20 14 21 14
22 15 21 16 20 15 21 14
22 16 21 16 21 15 22 15
23 14 27 18 26 19 22 15
23 15 22 15 22 14 23 14
26 22 26 23 21 23 21 22
23 13 22 14 21 13 22 12
23 12 23 13 22 13 22 12
24 13 23 14 22 13 23 12
24 14 23 14 23 13 24 13
20 23 16 19 17 18 21 22
10 10 11 9 14 12 13 13
11 11 10 11 10 10 11 10
20 22 20 23 16 23 16 22
20 16 21 16 21 22 20 22
19 15 20 15 20 16 19 16
18 14 19 14 19 15 18 15
17 13 18 13 18 14 17 14
16 12 17 12 17 13 16 13
15 11 16 12 15 13 14 12
16 11 16 12 15 12 15 11
9 12 10 11 13 14 12 15
9 24 13 24 13 25 9 25
28 10 24 14 23 13 27 9
8 23 11 20 12 21 9 24
11 12 11 15 9 15 9 12
14 11 14 12 11 12 11 11
15 10 16 11 15 12 14 11
14 10 15 10 15 11 14 11
8 21 12 21 12 23 8 23
27 10 23 10 23 9 27 9
28 18 27 18 27 10 28 10
27 17 28 18 27 19 26 18
11 28 10 27 13 24 14 25
7 20 9 18 10 19 8 21
7 28 7 20 11 20 11 28
8 11 10 11 10 16 8 16
8 24 12 20 13 21 9 25
27 23 24 26 23 25 26 22
27 25 26 25 26 23 27 23
14 9 14 10 11 10 11 9
15 27 10 27 10 26 15 26
17 25 15 27 13 25 15 23
21 24 20 24 20 23 21 23
17 23 16 22 22 16 23 17
