111
20 10 21 9 22 10 21 11
21 14 22 13 23 14 22 15
21 15 21 14 22 14 22 15
21 16 22 15 23 16 22 17
22 16 22 17 21 17 21 16
23 15 23 16 22 16 22 15
21 13 22 14 21 15 20 14
20 13 21 13 21 14 20 14
20 16 21 15 22 16 21 17
20 15 21 15 21 16 20 16
24 14 23 15 22 14 23 13
24 15 23 15 23 14 24 14
22 12 21 13 20 12 21 11
21 12 22 12 22 13 21 13
20 11 21 11 21 12 20 12
19 14 20 13 21 14 20 15
19 15 19 14 20 14 20 15
19 12 20 11 21 12 20 13
19 13 19 12 20 12 20 13
18 16 19 15 20 16 19 17
18 14 19 13 20 14 19 15
18 13 19 13 19 14 18 14
17 16 16 15 18 13 19 14
18 18 17 18 17 16 18 16
20 18 19 19 18 18 19 17
20 17 21 17 21 18 20 18
19 16 20 16 20 17 19 17
18 15 19 15 19 16 18 16
22 18 21 19 20 18 21 17
22 19 21 19 21 18 22 18
23 18 22 19 21 18 22 17
23 17 23 18 22 18 22 17
24 18 23 19 22 18 23 17
24 19 23 19 23 18 24 18
24 16 23 17 22 16 23 15
24 17 23 17 23 16 24 16
25 18 24 19 23 18 24 17
25 17 25 18 24 18 24 17
25 16 24 17 23 16 24 15
25 15 25 16 24 16 24 15
26 16 25 17 24 16 25 15
26 17 25 17 25 16 26 16
23 20 20 23 19 22 22 19
22 20 22 19 23 19 23 20
20 20 21 19 22 20 21 21
18 22 17 21 19 19 20 20
19 21 19 19 21 19 21 21
18 21 19 21 19 22 18 22
17 22 18 21 19 22 18 23
17 23 17 22 18 22 18 23
11 19 11 21 9 21 9 19
18 20 18 18 20 18 20 20
17 20 18 20 18 21 17 21
16 21 13 18 14 17 17 20
16 22 16 21 17 21 17 22
11 12 7 12 7 10 11 10
11 17 7 13 12 8 16 12
12 17 11 17 11 12 12 12
12 19 11 18 12 17 13 18
12 18 12 19 11 19 11 18
13 17 13 18 12 18 12 17
10 18 11 17 12 18 11 19
10 17 11 17 11 18 10 18
13 20 13 18 17 18 17 20
13 16 9 16 9 7 13 7
14 16 14 17 13 17 13 16
10 13 10 17 7 17 7 13
9 12 10 11 11 12 10 13
18 11 18 13 10 13 10 11
17 12 18 11 19 12 18 13
17 8 18 9 10 17 9 16
19 8 19 12 17 12 17 8
21 10 20 11 18 9 19 8
20 9 21 9 21 10 20 10
22 11 21 11 21 10 22 10
23 12 22 13 21 12 22 11
23 11 23 12 22 12 22 11
24 12 23 13 22 12 23 11
24 13 23 13 23 12 24 12
25 14 24 15 23 14 24 13
25 13 25 14 24 14 24 13
26 14 25 15 24 14 25 13
26 15 25 15 25 14 26 14
27 16 26 17 25 16 26 15
27 15 27 16 26 16 26 15
10 20 11 21 10 22 9 21
13 22 10 22 10 20 13 20
18 27 13 22 17 18 22 23
20 27 18 27 18 23 20 23
24 23 20 27 13 20 17 16
14 19 14 17 19 17 19 19
2 12 7 7 12 12 7 17
16 24 15 23 16 22 17 23
13 24 13 22 16 22 16 24
2 13 2 12 7 12 7 13
14 25 13 24 16 21 17 22
12 25 12 19 14 19 14 25
1 14 2 13 13 24 12 25
15 14 16 15 14 17 13 16
16 14 18 14 18 15 16 15
15 12 16 12 16 14 15 14
14 6 20 12 19 13 13 7
18 10 20 10 20 11 18 11
14 4 20 10 16 14 10 8
11 9 18 9 18 10 11 10
1 23 1 14 15 14 15 23
3 25 1 23 7 17 9 19
15 8 15 12 12 12 12 8
13 8 17 12 15 14 11 10
9 14 10 13 13 16 12 17
16 18 14 16 16 14 18 16
