225
33 33 33 32 34 32 34 33
12 31 11 31 11 30 12 30
13 31 13 32 12 32 12 31
13 30 14 30 14 31 13 31
21 30 20 30 20 29 21 29
33 25 33 26 32 26 32 25
21 20 20 20 20 19 21 19
13 15 13 14 14 14 14 15
17 12 18 11 19 12 18 13
19 21 20 20 21 21 20 22
20 28 21 29 20 30 19 29
19 28 20 28 20 29 19 29
34 34 33 33 34 32 35 33
35 34 34 34 34 33 35 33
15 31 14 32 13 31 14 30
15 32 14 32 14 31 15 31
32 24 33 25 32 26 31 25
31 24 32 24 32 25 31 25
14 16 13 15 14 14 15 15
15 16 14 16 14 15 15 15
15 17 15 16 16 16 16 17
33 23 32 24 31 23 32 22
20 23 15 23 15 22 20 22
21 23 22 24 21 25 20 24
21 24 20 24 20 23 21 23
22 25 21 25 21 24 22 24
21 22 22 23 21 24 20 23
20 21 21 21 21 22 20 22
19 20 20 20 20 21 19 21
22 22 22 23 21 23 21 22
17 16 20 19 19 20 16 17
16 15 17 15 17 16 16 16
15 14 16 14 16 15 15 15
14 13 15 14 14 15 13 14
15 13 15 14 14 14 14 13
13 13 14 12 15 13 14 14
13 12 14 12 14 13 13 13
12 12 12 11 13 11 13 12
17 13 16 14 15 13 16 12
18 12 18 13 17 13 17 12
19 11 19 12 18 12 18 11
15 12 14 13 13 12 14 11
15 11 15 12 14 12 14 11
16 13 15 13 15 12 16 12
17 14 16 14 16 13 17 13
14 10 15 11 14 12 13 11
13 10 14 10 14 11 13 11
16 11 17 12 16 13 15 12
17 11 17 12 16 12 16 11
18 10 19 11 18 12 17 11
17 10 18 10 18 11 17 11
16 10 17 11 16 12 15 11
15 10 16 10 16 11 15 11
16 9 17 10 16 11 15 10
17 9 17 10 16 10 16 9
14 9 15 10 14 11 13 10
15 9 15 10 14 10 14 9
16 8 17 9 16 10 15 9
15 8 16 8 16 9 15 9
18 15 17 16 16 15 17 14
18 14 18 15 17 15 17 14
19 13 18 14 17 13 18 12
19 14 18 14 18 13 19 13
20 12 25 17 24 18 19 13
20 13 19 13 19 12 20 12
21 14 20 15 19 14 20 13
21 12 20 13 19 12 20 11
21 11 21 12 20 12 20 11
20 10 21 11 20 12 19 11
19 10 20 10 20 11 19 11
18 9 19 10 18 11 17 10
19 9 19 10 18 10 18 9
18 8 19 9 18 10 17 9
17 8 18 8 18 9 17 9
16 7 17 8 16 9 15 8
17 7 17 8 16 8 16 7
29 25 29 29 22 29 22 25
30 24 31 25 30 26 29 25
30 23 31 23 31 24 30 24
30 22 31 23 30 24 29 23
29 22 30 22 30 23 29 23
18 30 13 25 14 24 19 29
18 29 16 27 17 26 19 28
19 30 18 30 18 29 19 29
20 31 19 30 20 29 21 30
19 31 19 30 20 30 20 31
20 32 19 31 20 30 21 31
21 32 20 32 20 31 21 31
22 21 21 22 20 21 21 20
22 20 22 21 21 21 21 20
23 21 22 22 21 21 22 20
23 22 22 22 22 21 23 21
25 10 27 12 23 16 21 14
17 30 15 32 14 31 16 29
18 31 17 30 18 29 19 30
17 31 17 30 18 30 18 31
18 32 17 31 18 30 19 31
19 32 18 32 18 31 19 31
20 33 19 32 20 31 21 32
19 33 19 32 20 32 20 33
18 34 17 33 18 32 19 33
21 10 25 10 25 11 21 11
20 9 21 10 20 11 19 10
21 9 21 10 20 10 20 9
20 8 21 9 20 10 19 9
19 8 20 8 20 9 19 9
18 7 19 8 18 9 17 8
19 7 19 8 18 8 18 7
18 6 19 7 18 8 17 7
17 6 18 6 18 7 17 7
29 24 22 24 22 23 29 23
30 25 29 25 29 24 30 24
31 26 30 26 30 25 31 25
28 23 29 22 30 23 29 24
12 29 13 30 12 31 11 30
13 29 13 30 12 30 12 29
32 27 31 26 32 25 33 26
31 27 31 26 32 26 32 27
33 27 32 28 31 27 32 26
34 26 34 27 33 27 33 26
33 28 32 28 32 27 33 27
11 18 14 15 15 16 12 19
11 19 11 18 12 18 12 19
19 35 17 35 17 33 19 33
18 36 17 35 18 34 19 35
33 20 33 23 31 23 31 20
34 19 33 20 32 19 33 18
28 28 30 26 31 27 29 29
32 33 28 33 28 28 32 28
33 34 32 34 32 33 33 33
32 35 31 34 32 33 33 34
31 35 31 34 32 34 32 35
34 35 33 34 34 33 35 34
33 35 33 34 34 34 34 35
32 36 31 35 32 34 33 35
33 36 32 36 32 35 33 35
33 19 30 22 27 19 30 16
34 18 34 19 33 19 33 18
34 20 33 19 34 18 35 19
35 20 34 20 34 19 35 19
24 33 23 32 30 25 31 26
25 33 25 34 24 34 24 33
24 32 23 32 23 22 24 22
23 33 24 32 25 33 24 34
21 33 21 32 23 32 23 33
20 34 19 33 20 32 21 33
21 34 20 34 20 33 21 33
20 36 19 35 20 34 21 35
43 22 33 32 23 22 33 12
43 24 32 24 32 22 43 22
30 8 35 13 20 28 15 23
32 8 32 14 30 14 30 8
28 4 32 8 25 15 21 11
29 30 32 27 33 28 30 31
23 30 26 27 29 30 26 33
22 31 21 30 22 29 23 30
22 30 22 31 21 31 21 30
22 33 21 32 22 31 23 32
24 35 21 35 21 34 24 34
23 34 24 33 25 34 24 35
22 35 21 34 22 33 23 34
34 10 35 11 32 14 31 13
13 36 13 34 18 34 18 36
14 37 13 36 18 31 19 32
28 22 29 23 22 30 21 29
29 4 29 22 28 22 28 4
23 14 30 14 30 16 23 16
31 6 23 14 21 12 29 4
25 13 25 15 20 15 20 13
31 11 31 13 25 13 25 11
35 6 35 11 31 11 31 6
24 17 21 20 20 19 23 16
25 18 24 18 24 17 25 17
36 7 25 18 24 17 35 6
13 19 12 18 14 16 15 17
12 25 12 19 13 19 13 25
9 22 12 19 15 22 12 25
9 17 15 17 15 22 9 22
8 16 12 12 13 13 9 17
8 18 8 16 11 16 11 18
30 19 32 19 32 22 30 22
31 18 32 19 31 20 30 19
31 17 33 17 33 18 31 18
31 16 31 17 30 17 30 16
32 17 31 18 30 17 31 16
35 16 31 16 31 13 35 13
34 15 35 16 33 18 32 17
10 20 8 18 9 17 11 19
36 21 32 25 31 24 35 20
34 30 29 30 29 29 34 29
11 28 19 20 20 21 12 29
35 28 34 29 33 28 34 27
26 21 24 19 25 18 27 20
26 7 36 7 36 21 26 21
11 21 19 21 19 28 11 28
28 27 28 28 26 28 26 27
30 27 28 27 28 26 30 26
31 31 30 31 30 27 31 27
30 32 31 31 33 33 32 34
25 37 21 33 26 28 30 32
27 17 30 17 30 19 27 19
27 15 27 17 25 17 25 15
33 15 27 15 27 12 33 12
34 17 33 17 33 15 34 15
12 20 15 23 14 24 11 21
23 12 23 14 21 14 21 12
13 27 16 27 16 29 13 29
14 26 17 26 17 30 14 30
30 20 27 17 30 14 33 17
25 30 26 30 26 33 25 33
22 18 21 19 17 15 18 14
24 20 22 18 25 15 27 17
25 21 24 22 23 21 24 20
22 19 24 19 24 20 22 20
21 18 22 18 22 19 21 19
19 18 19 14 21 14 21 18
27 22 24 22 24 20 27 20
21 28 27 22 28 23 22 29
20 27 21 28 20 29 19 28
21 27 21 28 20 28 20 27
16 24 20 24 20 27 16 27
18 19 18 15 20 15 20 19
19 26 21 24 22 25 20 27
25 27 25 21 26 21 26 27
19 23 20 24 14 30 13 29
