200
23 24 23 25 22 25 22 24
29 24 29 23 30 23 30 24
17 12 17 13 16 13 16 12
26 10 27 10 27 11 26 11
23 10 23 11 22 11 22 10
20 12 19 12 19 11 20 11
9 11 10 10 11 11 10 12
21 11 22 10 23 11 22 12
21 12 21 11 22 11 22 12
12 10 13 11 12 12 11 11
17 14 18 13 19 14 18 15
18 14 17 14 17 13 18 13
19 15 18 15 18 14 19 14
24 20 23 19 24 18 25 19
21 25 22 24 23 25 22 26
21 26 21 25 22 25 22 26
16 11 17 12 16 13 15 12
15 11 16 11 16 12 15 12
26 12 25 11 26 10 27 11
25 12 25 11 26 11 26 12
20 10 21 11 20 12 19 11
21 10 21 11 20 11 20 10
20 13 19 12 20 11 21 12
21 13 20 13 20 12 21 12
22 13 22 14 21 14 21 13
23 13 22 13 22 12 23 12
18 16 17 15 18 14 19 15
17 16 17 15 18 15 18 16
27 12 26 13 25 12 26 11
27 13 26 13 26 12 27 12
28 13 28 14 27 14 27 13
22 9 23 10 22 11 21 10
21 9 22 9 22 10 21 10
20 15 19 14 20 13 21 14
22 15 21 14 22 13 23 14
23 15 22 15 22 14 23 14
28 15 27 14 28 13 29 14
29 15 28 15 28 14 29 14
24 14 23 15 22 14 23 13
24 13 24 14 23 14 23 13
24 11 25 12 24 13 23 12
24 12 23 12 23 11 24 11
25 13 24 13 24 12 25 12
24 10 25 11 24 12 23 11
25 10 25 11 24 11 24 10
26 14 25 13 26 12 27 13
25 14 25 13 26 13 26 14
26 9 27 10 26 11 25 10
25 9 26 9 26 10 25 10
24 9 25 10 24 11 23 10
23 9 24 9 24 10 23 10
24 15 23 14 24 13 25 14
25 15 24 15 24 14 25 14
23 16 23 15 24 15 24 16
26 15 25 14 26 13 27 14
27 15 26 15 26 14 27 14
26 16 25 16 25 15 26 15
24 8 25 9 24 10 23 9
25 8 25 9 24 9 24 8
22 8 23 9 22 10 21 9
23 8 23 9 22 9 22 8
24 17 23 16 24 15 25 16
25 17 24 17 24 16 25 16
28 16 27 15 28 14 29 15
27 16 27 15 28 15 28 16
24 7 25 8 24 9 23 8
23 7 24 7 24 8 23 8
23 17 24 16 25 17 24 18
23 18 23 17 24 17 24 18
26 17 25 16 26 15 27 16
27 17 26 17 26 16 27 16
26 18 25 17 26 16 27 17
25 18 25 17 26 17 26 18
24 19 24 18 25 18 25 19
23 20 23 19 24 19 24 20
28 18 27 17 28 16 29 17
26 20 25 19 26 18 27 19
22 19 23 18 24 19 23 20
22 18 23 18 23 19 22 19
15 18 16 17 23 24 22 25
15 17 16 17 16 18 15 18
28 20 26 20 26 18 28 18
29 19 28 20 27 19 28 18
19 29 17 29 17 28 19 28
12 13 10 13 10 12 12 12
21 20 17 16 18 15 22 19
20 14 23 17 22 18 19 15
19 13 20 13 20 14 19 14
18 12 19 12 19 13 18 13
17 11 18 11 18 12 17 12
16 10 17 10 17 11 16 11
21 15 20 15 20 14 21 14
18 10 19 11 18 12 17 11
19 10 19 11 18 11 18 10
20 9 21 10 20 11 19 10
19 9 20 9 20 10 19 10
18 9 19 10 18 11 17 10
17 9 18 9 18 10 17 10
20 8 21 9 20 10 19 9
21 8 21 9 20 9 20 8
18 8 19 9 18 10 17 9
19 8 19 9 18 9 18 8
22 7 23 8 22 9 21 8
21 7 22 7 22 8 21 8
20 7 21 8 20 9 19 8
19 7 20 7 20 8 19 8
22 6 23 7 22 8 21 7
23 6 23 7 22 7 22 6
20 6 21 7 20 8 19 7
21 6 21 7 20 7 20 6
22 5 23 6 22 7 21 6
21 5 22 5 22 6 21 6
15 19 13 19 13 18 15 18
14 18 15 19 14 20 13 19
16 20 15 19 16 18 17 19
15 29 10 24 14 20 19 25
23 21 21 23 17 19 19 17
22 20 23 20 23 21 22 21
21 19 22 19 22 20 21 20
24 22 23 21 24 20 25 21
25 24 23 24 23 21 25 21
24 25 25 24 26 25 25 26
15 25 19 25 19 26 15 26
13 12 17 16 16 17 12 13
14 12 13 12 13 11 14 11
14 10 15 11 14 12 13 11
15 10 15 11 14 11 14 10
16 9 17 10 16 11 15 10
15 9 16 9 16 10 15 10
16 8 17 9 16 10 15 9
17 8 17 9 16 9 16 8
18 7 19 8 18 9 17 8
17 7 18 7 18 8 17 8
18 6 19 7 18 8 17 7
19 6 19 7 18 7 18 6
20 5 21 6 20 7 19 6
19 5 20 5 20 6 19 6
20 4 21 5 20 6 19 5
21 4 21 5 20 5 20 4
16 14 12 14 12 13 16 13
16 15 16 14 17 14 17 15
16 16 15 15 16 14 17 15
15 16 15 15 16 15 16 16
17 17 16 17 16 16 17 16
15 13 16 12 17 13 16 14
26 23 25 24 22 21 23 20
28 25 26 23 27 22 29 24
19 23 21 23 21 25 19 25
6 17 10 13 15 18 11 22
6 16 15 16 15 17 6 17
30 12 27 12 27 11 30 11
19 19 17 19 17 17 19 17
24 29 21 26 22 25 25 28
23 29 23 25 24 25 24 29
22 28 22 26 25 26 25 28
19 16 23 16 23 17 19 17
26 22 24 22 24 20 26 20
27 23 26 23 26 22 27 22
27 21 26 22 25 21 26 20
30 22 29 23 27 21 28 20
31 22 30 23 25 18 26 17
31 23 30 23 30 22 31 22
24 23 26 23 26 25 24 25
12 27 11 26 22 15 23 16
21 18 21 15 22 15 22 18
21 22 24 22 24 23 21 23
16 22 16 20 21 20 21 22
24 30 23 29 29 23 30 24
24 26 23 25 26 22 27 23
14 34 10 30 15 25 19 29
13 15 12 14 14 12 15 13
12 16 13 15 15 17 14 18
29 26 25 26 25 24 29 24
26 30 26 25 28 25 28 30
23 33 19 29 22 26 26 30
21 28 19 28 19 26 21 26
26 29 25 28 28 25 29 26
10 23 11 22 15 26 14 27
17 24 19 26 17 28 15 26
15 24 15 19 17 19 17 24
17 25 14 22 16 20 19 23
29 11 30 12 28 14 27 13
10 19 13 19 13 23 10 23
11 20 14 20 14 22 11 22
16 27 14 27 14 22 16 22
12 17 13 18 11 20 10 19
9 20 9 11 11 11 11 20
28 22 28 20 30 20 30 22
29 21 27 21 27 19 29 19
29 10 30 11 28 13 27 12
10 25 10 24 15 24 15 25
19 30 19 29 23 29 23 30
21 32 19 30 21 28 23 30
22 32 21 32 21 28 22 28
24 33 23 33 23 30 24 30
8 18 6 16 10 12 12 14
8 15 13 15 13 18 8 18
5 21 8 18 13 23 10 26
12 34 12 27 14 27 14 34
11 30 10 30 10 26 11 26
