364
37 36 37 35 38 35 38 36
30 34 31 34 31 35 30 35
39 35 38 35 38 34 39 34
28 30 29 30 29 31 28 31
19 32 19 31 20 31 20 32
33 29 32 29 32 28 33 28
31 24 31 23 32 23 32 24
30 22 31 22 31 23 30 23
22 23 22 22 23 22 23 23
33 22 33 21 34 21 34 22
27 18 27 19 26 19 26 18
33 14 33 13 34 13 34 14
17 15 16 16 15 15 16 14
16 18 15 17 16 16 17 17
29 22 30 21 31 22 30 23
29 21 30 21 30 22 29 22
26 21 27 22 26 23 25 22
28 29 29 30 28 31 27 30
27 29 28 29 28 30 27 30
26 31 27 32 26 33 25 32
26 30 27 30 27 31 26 31
37 33 38 32 39 33 38 34
28 34 29 35 28 36 27 35
36 37 35 36 36 35 37 36
36 36 37 36 37 37 36 37
35 35 36 35 36 36 35 36
30 36 29 35 30 34 31 35
29 36 29 35 30 35 30 36
31 29 32 28 33 29 32 30
31 30 31 29 32 29 32 30
34 30 33 29 34 28 35 29
32 25 31 24 32 23 33 24
33 25 32 25 32 24 33 24
32 15 31 14 32 13 33 14
28 28 29 29 28 30 27 29
29 28 29 29 28 29 28 28
25 29 26 28 27 29 26 30
36 34 37 35 36 36 35 35
37 34 37 35 36 35 36 34
38 33 38 34 37 34 37 33
39 32 39 33 38 33 38 32
31 36 30 37 29 36 30 35
31 37 30 37 30 36 31 36
28 20 27 19 33 13 34 14
28 22 27 21 28 20 29 21
28 21 28 22 27 22 27 21
29 20 29 21 28 21 28 20
28 23 27 22 28 21 29 22
29 23 28 23 28 22 29 22
30 19 31 20 30 21 29 20
30 24 29 23 30 22 31 23
29 24 29 23 30 23 30 24
30 25 29 24 30 23 31 24
31 25 30 25 30 24 31 24
30 26 29 25 30 24 31 25
29 26 29 25 30 25 30 26
32 26 31 25 32 24 33 25
31 26 31 25 32 25 32 26
30 27 29 26 30 25 31 26
31 27 30 27 30 26 31 26
33 27 32 28 31 27 32 26
34 27 34 28 33 28 33 27
33 26 33 25 35 25 35 26
32 27 32 26 33 26 33 27
31 28 31 27 32 27 32 28
34 25 35 26 34 27 33 26
30 29 29 28 30 27 31 28
30 30 29 30 29 29 30 29
30 28 31 28 31 29 30 29
29 27 30 27 30 28 29 28
30 31 29 30 30 29 31 30
31 31 30 31 30 30 31 30
29 32 29 31 30 31 30 32
32 32 31 31 32 30 33 31
32 31 32 32 31 32 31 31
33 30 33 31 32 31 32 30
34 29 34 30 33 30 33 29
35 28 35 29 34 29 34 28
28 33 27 32 28 31 29 32
29 33 28 33 28 32 29 32
30 33 29 32 30 31 31 32
31 33 30 33 30 32 31 32
29 34 29 33 30 33 30 34
28 35 28 34 29 34 29 35
27 36 27 35 28 35 28 36
27 33 28 32 29 33 28 34
26 32 27 32 27 33 26 33
25 31 26 31 26 32 25 32
27 34 27 33 28 33 28 34
32 34 31 33 32 32 33 33
32 33 32 34 31 34 31 33
33 32 33 33 32 33 32 32
28 37 27 36 28 35 29 36
29 37 28 37 28 36 29 36
30 38 29 38 29 37 30 37
23 31 24 30 25 31 24 32
34 31 35 32 34 33 33 32
34 32 33 32 33 31 34 31
35 33 34 33 34 32 35 32
35 30 34 31 33 30 34 29
35 31 34 31 34 30 35 30
36 32 37 33 36 34 35 33
36 31 36 32 35 32 35 31
34 34 33 33 34 32 35 33
33 34 33 33 34 33 34 34
32 35 31 34 32 33 33 34
33 35 32 35 32 34 33 34
32 36 31 36 31 35 32 35
34 36 33 35 34 34 35 35
27 28 24 25 26 23 29 26
26 29 26 28 27 28 27 29
25 30 25 29 26 29 26 30
24 31 24 30 25 30 25 31
23 32 23 31 24 31 24 32
24 33 23 32 24 31 25 32
25 33 24 33 24 32 25 32
23 33 24 32 25 33 24 34
23 34 23 33 24 33 24 34
26 34 25 33 26 32 27 33
25 34 25 33 26 33 26 34
26 35 26 34 27 34 27 35
25 35 26 34 27 35 26 36
24 35 24 34 25 34 25 35
25 36 25 35 26 35 26 36
24 37 23 36 24 35 25 36
26 37 25 36 26 35 27 36
27 37 26 37 26 36 27 36
25 37 26 36 27 37 26 38
24 36 25 36 25 37 24 37
23 35 24 35 24 36 23 36
25 38 25 37 26 37 26 38
28 38 27 37 28 36 29 37
27 38 27 37 28 37 28 38
26 39 26 38 27 38 27 39
28 39 28 38 29 38 29 39
23 37 24 36 25 37 24 38
22 37 22 36 23 36 23 37
23 38 23 37 24 37 24 38
28 40 27 39 28 38 29 39
27 40 27 39 28 39 28 40
22 35 23 36 22 37 21 36
21 35 22 35 22 36 21 36
22 34 23 34 23 35 22 35
24 39 23 38 24 37 25 38
25 39 24 39 24 38 25 38
26 40 25 39 26 38 27 39
25 40 25 39 26 39 26 40
26 41 25 40 26 39 27 40
27 41 26 41 26 40 27 40
33 20 33 18 36 18 36 20
32 20 33 20 33 21 32 21
32 19 33 20 32 21 31 20
31 19 32 19 32 20 31 20
27 14 28 13 33 18 32 19
26 13 27 14 26 15 25 14
26 14 25 14 25 13 26 13
27 15 26 15 26 14 27 14
26 16 25 15 26 14 27 15
25 16 25 15 26 15 26 16
23 18 16 25 15 24 22 17
25 18 24 19 23 18 24 17
26 17 27 18 26 19 25 18
25 17 26 17 26 18 25 18
24 16 25 16 25 17 24 17
27 16 26 17 25 16 26 15
27 17 26 17 26 16 27 16
28 18 27 18 27 17 28 17
36 26 34 28 33 27 35 25
38 31 36 31 36 26 38 26
37 32 38 31 39 32 38 33
36 33 36 32 37 32 37 33
35 34 35 33 36 33 36 34
34 35 34 34 35 34 35 35
33 36 33 35 34 35 34 36
32 37 31 36 32 35 33 36
33 37 32 37 32 36 33 36
34 37 33 36 34 35 35 36
35 37 34 37 34 36 35 36
32 38 31 37 32 36 33 37
31 38 31 37 32 37 32 38
34 38 33 37 34 36 35 37
33 38 33 37 34 37 34 38
36 38 35 37 36 36 37 37
35 38 35 37 36 37 36 38
30 39 29 38 30 37 31 38
31 39 30 39 30 38 31 38
32 39 31 38 32 37 33 38
33 39 32 39 32 38 33 38
34 39 33 38 34 37 35 38
35 39 34 39 34 38 35 38
30 40 29 39 30 38 31 39
29 40 29 39 30 39 30 40
32 40 31 39 32 38 33 39
31 40 31 39 32 39 32 40
34 40 33 39 34 38 35 39
33 40 33 39 34 39 34 40
36 40 35 39 36 38 37 39
28 41 27 40 28 39 29 40
29 41 28 41 28 40 29 40
30 41 29 40 30 39 31 40
31 41 30 41 30 40 31 40
32 41 31 40 32 39 33 40
33 41 32 41 32 40 33 40
28 42 27 41 28 40 29 41
27 42 27 41 28 41 28 42
30 42 29 41 30 40 31 41
29 42 29 41 30 41 30 42
32 42 31 41 32 40 33 41
31 42 31 41 32 41 32 42
28 43 27 42 28 41 29 42
29 43 28 43 28 42 29 42
30 43 29 42 30 41 31 42
31 43 30 43 30 42 31 42
30 44 29 43 30 42 31 43
29 44 29 43 30 43 30 44
23 39 14 39 14 38 23 38
24 40 23 39 24 38 25 39
23 40 23 39 24 39 24 40
24 41 23 40 24 39 25 40
25 41 24 41 24 40 25 40
26 42 25 41 26 40 27 41
25 42 25 41 26 41 26 42
26 43 25 42 26 41 27 42
27 43 26 43 26 42 27 42
28 44 27 43 28 42 29 43
27 44 27 43 28 43 28 44
28 45 27 44 28 43 29 44
29 45 28 45 28 44 29 44
17 32 17 33 13 33 13 32
18 33 17 32 18 31 19 32
22 29 23 28 25 30 24 31
23 29 22 29 22 28 23 28
24 28 25 29 24 30 23 29
24 27 24 28 23 28 23 27
20 33 20 32 23 32 23 33
21 32 20 33 19 32 20 31
23 21 22 22 20 20 21 19
25 21 23 21 23 18 25 18
26 22 25 22 25 21 26 21
27 23 26 23 26 22 27 22
26 20 27 21 26 22 25 21
27 20 27 21 26 21 26 20
28 19 28 20 27 20 27 19
28 24 27 23 28 22 29 23
27 24 27 23 28 23 28 24
28 25 28 24 29 24 29 25
25 19 26 18 27 19 26 20
25 20 26 19 27 20 26 21
29 18 28 19 27 18 28 17
29 19 28 19 28 18 29 18
30 20 29 20 29 19 30 19
31 21 30 21 30 20 31 20
32 22 31 22 31 21 32 21
33 23 32 23 32 22 33 22
16 21 17 20 24 27 23 28
17 21 16 21 16 20 17 20
27 27 27 26 29 26 29 27
28 26 29 27 28 28 27 27
27 25 28 24 29 25 28 26
18 16 18 18 16 18 16 16
19 17 18 18 17 17 18 16
19 33 20 32 22 34 21 35
18 32 19 32 19 33 18 33
17 31 18 31 18 32 17 32
18 34 17 33 18 32 19 33
17 34 17 33 18 33 18 34
19 34 18 35 17 34 18 33
20 34 19 34 19 33 20 33
19 35 18 35 18 34 19 34
39 24 33 24 33 23 39 23
38 13 39 13 39 15 38 15
39 14 38 15 37 14 38 13
14 16 14 14 16 14 16 16
13 15 14 14 15 15 14 16
19 15 19 17 17 17 17 15
18 14 19 15 18 16 17 15
11 31 16 26 18 28 13 33
11 38 11 31 14 31 14 38
38 12 39 13 32 20 31 19
13 38 16 35 17 36 14 39
15 39 14 38 18 34 19 35
42 21 39 24 33 18 36 15
24 14 24 16 18 16 18 14
23 15 24 14 25 15 24 16
35 12 37 14 36 15 34 13
39 16 34 21 33 20 38 15
28 15 28 13 32 13 32 15
28 16 27 16 27 15 28 15
39 17 28 17 28 16 39 16
38 18 36 18 36 15 38 15
35 13 39 17 38 18 34 14
34 12 35 12 35 13 34 13
35 19 36 20 34 22 33 21
35 15 35 19 32 19 32 15
36 13 36 15 35 15 35 13
36 12 38 12 38 13 36 13
35 11 36 12 35 13 34 12
36 11 36 12 35 12 35 11
19 21 19 23 17 23 17 21
14 20 16 18 19 21 17 23
14 18 16 18 16 20 14 20
13 17 14 16 15 17 14 18
41 29 38 32 35 29 38 26
41 30 35 30 35 29 41 29
42 29 41 30 33 22 34 21
42 27 38 31 35 28 39 24
41 27 42 27 42 29 41 29
40 26 41 27 36 32 35 31
40 18 40 26 38 26 38 18
42 20 39 23 37 21 40 18
22 41 17 36 18 35 23 40
14 17 13 17 13 16 14 16
17 28 19 30 18 31 16 29
17 27 18 27 18 28 17 28
14 24 17 21 19 23 16 26
15 26 16 25 18 27 17 28
15 25 16 25 16 26 15 26
14 25 14 24 15 24 15 25
20 29 18 27 22 23 24 25
21 30 20 31 19 30 20 29
22 31 20 31 20 29 22 29
22 33 21 32 22 31 23 32
21 34 22 33 23 34 22 35
20 35 20 34 21 34 21 35
30 14 31 14 31 19 30 19
31 13 36 18 35 19 30 14
19 19 17 21 16 20 18 18
21 17 21 19 19 19 19 17
21 13 23 15 21 17 19 15
22 13 22 17 21 17 21 13
29 13 30 14 28 16 27 15
21 14 22 13 25 16 24 17
37 20 42 20 42 21 37 21
38 21 34 25 33 24 37 20
22 19 22 17 24 17 24 19
21 22 21 19 22 19 22 22
22 21 23 22 22 23 21 22
16 22 21 22 21 25 16 25
15 21 16 21 16 22 15 22
24 24 27 24 27 25 24 25
26 24 27 25 24 28 23 27
25 23 26 22 27 23 26 24
24 22 25 23 24 24 23 23
24 23 24 22 25 22 25 23
23 24 23 23 24 23 24 24
24 20 25 21 24 22 23 21
24 21 25 22 24 23 23 22
23 20 24 19 25 20 24 21
33 16 30 19 29 18 32 15
14 28 17 28 17 31 14 31
23 25 24 24 27 27 26 28
21 27 21 25 23 25 23 27
22 26 23 27 22 28 21 27
22 24 23 25 22 26 21 25
21 23 22 22 23 23 22 24
20 26 20 29 16 29 16 26
20 24 22 24 22 26 20 26
19 25 20 24 21 25 20 26
20 22 21 23 20 24 19 23
36 24 35 25 33 23 34 22
19 28 19 30 18 30 18 28
19 29 18 28 20 26 21 27
20 30 19 31 18 30 19 29
21 31 20 30 22 28 23 29
