434
14 34 14 33 15 33 15 34
24 29 25 29 25 30 24 30
29 30 28 30 28 29 29 29
16 29 15 29 15 28 16 28
15 26 14 26 14 25 15 25
29 22 30 22 30 23 29 23
35 22 34 22 34 21 35 21
25 17 25 18 24 18 24 17
22 14 22 15 21 15 21 14
27 13 27 14 26 14 26 13
28 13 27 13 27 12 28 12
26 15 25 15 25 14 26 14
27 15 27 16 26 16 26 15
12 13 11 13 11 12 12 12
29 12 28 12 28 11 29 11
28 10 29 11 28 12 27 11
27 10 28 10 28 11 27 11
24 13 25 12 26 13 25 14
24 12 24 13 23 13 23 12
25 20 24 19 25 18 26 19
18 21 17 22 16 21 17 20
34 24 33 23 34 22 35 23
31 23 30 24 29 23 30 22
31 24 30 24 30 23 31 23
16 30 15 29 16 28 17 29
17 30 16 30 16 29 17 29
14 28 15 29 14 30 13 29
30 29 29 30 28 29 29 28
30 28 30 29 29 29 29 28
15 24 16 25 15 26 14 25
16 24 16 25 15 25 15 24
28 23 29 22 30 23 29 24
28 24 28 23 29 23 29 24
36 21 35 22 34 21 35 20
36 20 36 21 35 21 35 20
22 12 23 13 22 14 21 13
28 14 27 13 28 12 29 13
29 14 28 14 28 13 29 13
30 15 29 15 29 14 30 14
28 15 27 15 27 14 28 14
26 11 27 10 28 11 27 12
26 12 26 11 27 11 27 12
25 13 25 12 26 12 26 13
24 14 24 13 25 13 25 14
30 30 29 29 30 28 31 29
31 30 30 30 30 29 31 29
16 26 15 25 16 24 17 25
17 26 16 26 16 25 17 25
28 22 29 23 28 24 27 23
27 22 28 22 28 23 27 23
28 16 27 15 28 14 29 15
29 16 28 16 28 15 29 15
30 13 29 14 28 13 29 12
30 12 30 13 29 13 29 12
15 27 16 26 17 27 16 28
16 27 15 27 15 26 16 26
17 28 16 28 16 27 17 27
14 27 15 27 15 28 14 28
31 13 30 14 29 13 30 12
32 13 31 13 31 12 32 12
31 14 30 14 30 13 31 13
13 27 14 26 15 27 14 28
13 26 14 26 14 27 13 27
18 29 17 30 16 29 17 28
18 28 18 29 17 29 17 28
18 27 17 28 16 27 17 26
18 26 18 27 17 27 17 26
33 13 32 14 31 13 32 12
33 14 32 14 32 13 33 13
19 27 18 28 17 27 18 26
19 28 18 28 18 27 19 27
33 12 34 13 33 14 32 13
34 12 34 13 33 13 33 12
22 22 22 27 21 27 21 22
23 22 22 22 22 21 23 21
24 23 23 23 23 22 24 22
24 21 23 22 22 21 23 20
24 20 24 21 23 21 23 20
25 19 25 20 24 20 24 19
26 18 26 19 25 19 25 18
25 21 24 22 23 21 24 20
25 22 24 22 24 21 25 21
23 19 24 18 25 19 24 20
23 18 24 18 24 19 23 19
27 17 26 18 25 17 26 16
28 17 27 17 27 16 28 16
26 17 27 17 27 18 26 18
25 16 26 16 26 17 25 17
26 21 25 22 24 21 25 20
26 20 26 21 25 21 25 20
22 20 21 19 22 18 23 19
22 19 23 19 23 20 22 20
21 18 22 18 22 19 21 19
28 18 27 17 28 16 29 17
29 18 28 18 28 17 29 17
24 15 25 14 26 15 25 16
24 16 24 15 25 15 25 16
27 19 26 20 25 19 26 18
28 19 27 19 27 18 28 18
27 20 26 20 26 19 27 19
21 21 22 20 23 21 22 22
21 20 22 20 22 21 21 21
30 17 29 18 28 17 29 16
30 16 30 17 29 17 29 16
23 17 24 16 25 17 24 18
22 17 23 17 23 18 22 18
23 16 24 16 24 17 23 17
23 15 24 14 25 15 24 16
22 16 22 15 23 15 23 16
23 14 24 14 24 15 23 15
22 13 23 13 23 14 22 14
21 12 22 12 22 13 21 13
20 11 21 11 21 12 20 12
28 21 27 22 26 21 27 20
29 21 29 22 28 22 28 21
20 21 21 20 22 21 21 22
20 22 20 21 21 21 21 22
20 19 21 18 22 19 21 20
20 20 20 19 21 19 21 20
31 15 30 16 29 15 30 14
32 15 31 15 31 14 32 14
31 16 30 16 30 15 31 15
21 17 22 16 23 17 22 18
21 16 22 16 22 17 21 17
20 13 21 12 22 13 21 14
19 13 19 12 20 12 20 13
20 14 20 13 21 13 21 14
19 21 20 20 21 21 20 22
19 20 20 20 20 21 19 21
20 18 21 19 20 20 19 19
19 18 20 18 20 19 19 19
20 17 21 17 21 18 20 18
20 15 21 14 22 15 21 16
20 16 20 15 21 15 21 16
19 22 18 21 19 20 20 21
18 22 18 21 19 21 19 22
18 19 19 18 20 19 19 20
18 20 18 19 19 19 19 20
17 21 17 20 18 20 18 21
16 22 16 21 17 21 17 22
19 17 20 16 21 17 20 18
19 16 20 16 20 17 19 17
19 15 20 14 21 15 20 16
19 14 20 14 20 15 19 15
18 13 19 13 19 14 18 14
15 21 16 20 17 21 16 22
15 20 16 20 16 21 15 21
14 19 15 19 15 20 14 20
13 18 14 18 14 19 13 19
18 17 19 16 20 17 19 18
18 18 18 17 19 17 19 18
18 16 17 15 18 14 19 15
17 16 18 16 18 17 17 17
18 15 19 15 19 16 18 16
17 14 18 14 18 15 17 15
13 20 12 19 13 18 14 19
12 20 12 19 13 19 13 20
17 19 18 18 19 19 18 20
16 19 17 19 17 20 16 20
17 18 18 18 18 19 17 19
16 15 17 14 18 15 17 16
16 16 16 15 17 15 17 16
12 18 13 19 12 20 11 19
11 18 12 18 12 19 11 19
12 17 13 17 13 18 12 18
16 18 17 19 16 20 15 19
15 18 16 18 16 19 15 19
16 17 17 17 17 18 16 18
15 15 16 14 17 15 16 16
15 14 16 14 16 15 15 15
10 19 11 18 12 19 11 20
10 20 10 19 11 19 11 20
15 17 16 16 17 17 16 18
14 17 15 17 15 18 14 18
15 16 16 16 16 17 15 17
14 16 15 17 14 18 13 17
13 16 14 16 14 17 13 17
14 15 15 15 15 16 14 16
14 23 13 22 15 20 16 21
14 22 14 23 13 23 13 22
13 21 14 20 15 21 14 22
14 21 13 21 13 20 14 20
15 22 14 22 14 21 15 21
15 23 15 22 16 22 16 23
14 24 14 23 15 23 15 24
12 21 13 21 13 22 12 22
11 21 11 20 12 20 12 21
17 23 16 24 15 23 16 22
18 23 17 23 17 22 18 22
17 24 16 24 16 23 17 23
13 25 14 24 15 25 14 26
12 25 13 25 13 26 12 26
13 24 14 24 14 25 13 25
10 21 11 20 12 21 11 22
10 22 10 21 11 21 11 22
18 25 17 26 16 25 17 24
18 24 18 25 17 25 17 24
12 24 13 25 12 26 11 25
11 24 12 24 12 25 11 25
12 23 13 23 13 24 12 24
11 23 11 22 12 22 12 23
9 21 10 20 11 21 10 22
9 20 10 20 10 21 9 21
19 25 18 26 17 25 18 24
19 26 18 26 18 25 19 25
19 23 18 24 17 23 18 22
20 23 19 23 19 22 20 22
19 24 18 24 18 23 19 23
10 23 11 22 12 23 11 24
10 24 10 23 11 23 11 24
20 27 19 28 18 27 19 26
20 26 20 27 19 27 19 26
20 25 19 26 18 25 19 24
20 24 20 25 19 25 19 24
9 23 10 22 11 23 10 24
9 22 10 22 10 23 9 23
20 28 19 27 20 26 21 27
21 28 20 28 20 27 21 27
21 29 21 28 22 28 22 29
21 25 20 26 19 25 20 24
21 23 20 24 19 23 20 22
8 21 9 20 10 21 9 22
8 22 8 21 9 21 9 22
21 26 22 27 21 28 20 27
22 24 21 23 22 22 23 23
13 30 15 28 16 29 14 31
13 31 13 30 14 30 14 31
14 32 13 31 14 30 15 31
15 32 14 32 14 31 15 31
13 33 14 32 15 33 14 34
13 32 14 32 14 33 13 33
16 33 15 34 14 33 15 32
16 32 16 33 15 33 15 32
13 34 12 33 13 32 14 33
12 34 12 33 13 33 13 34
17 31 16 32 15 31 16 30
18 30 18 31 17 31 17 30
19 29 18 30 17 29 18 28
20 29 19 29 19 28 20 28
19 30 18 30 18 29 19 29
20 30 19 29 20 28 21 29
21 30 20 30 20 29 21 29
19 31 19 30 20 30 20 31
19 32 18 31 19 30 20 31
18 32 18 31 19 31 19 32
22 31 21 32 20 31 21 30
22 30 24 30 24 31 22 31
23 29 22 30 21 29 22 28
24 28 25 29 24 30 23 29
23 28 24 28 24 29 23 29
23 27 23 28 22 28 22 27
23 30 22 29 23 28 24 29
22 26 23 27 22 28 21 27
25 27 24 28 23 27 24 26
23 32 22 31 23 30 24 31
23 25 22 26 21 25 22 24
26 22 27 23 24 26 23 25
27 21 27 22 26 22 26 21
28 20 28 21 27 21 27 20
29 19 28 20 27 19 28 18
29 20 28 20 28 19 29 19
30 21 29 22 28 21 29 20
30 20 30 21 29 21 29 20
30 19 29 20 28 19 29 18
30 18 30 19 29 19 29 18
31 21 30 22 29 21 30 20
31 22 30 22 30 21 31 21
32 23 31 23 31 22 32 22
33 24 32 24 32 23 33 23
34 25 33 25 33 24 34 24
31 19 30 20 29 19 30 18
31 20 30 20 30 19 31 19
31 17 30 18 29 17 30 16
31 18 30 18 30 17 31 17
32 21 31 22 30 21 31 20
32 20 32 21 31 21 31 20
32 19 31 20 30 19 31 18
32 18 32 19 31 19 31 18
32 17 31 18 30 17 31 16
32 16 32 17 31 17 31 16
33 17 33 18 32 18 32 17
33 21 32 22 31 21 32 20
33 22 32 22 32 21 33 21
34 23 33 23 33 22 34 22
35 24 34 24 34 23 35 23
33 19 32 20 31 19 32 18
34 19 33 19 33 18 34 18
33 20 32 20 32 19 33 19
34 20 34 21 33 21 33 20
35 19 35 20 34 20 34 19
33 15 32 16 31 15 32 14
33 16 32 16 32 15 33 15
36 23 35 24 34 23 35 22
36 22 36 23 35 23 35 22
36 19 35 20 34 19 35 18
36 18 36 19 35 19 35 18
34 17 33 18 32 17 33 16
34 16 34 17 33 17 33 16
35 17 35 18 34 18 34 17
34 15 33 16 32 15 33 14
34 14 34 15 33 15 33 14
37 21 36 22 35 21 36 20
37 22 36 22 36 21 37 21
37 19 36 20 35 19 36 18
37 20 36 20 36 19 37 19
35 15 34 16 33 15 34 14
35 16 34 16 34 15 35 15
35 13 34 14 33 13 34 12
35 14 34 14 34 13 35 13
38 21 37 22 36 21 37 20
38 20 38 21 37 21 37 20
36 17 35 18 34 17 35 16
36 16 36 17 35 17 35 16
36 15 35 16 34 15 35 14
36 14 36 15 35 15 35 14
37 17 36 18 35 17 36 16
37 18 36 18 36 17 37 17
37 15 36 16 35 15 36 14
37 16 36 16 36 15 37 15
38 19 37 20 36 19 37 18
38 18 38 19 37 19 37 18
38 17 37 18 36 17 37 16
38 16 38 17 37 17 37 16
39 19 38 20 37 19 38 18
39 20 38 20 38 19 39 19
39 17 38 18 37 17 38 16
39 18 38 18 38 17 39 17
40 19 39 20 38 19 39 18
40 18 40 19 39 19 39 18
34 26 34 29 31 29 31 26
34 28 33 27 34 26 35 27
35 25 34 26 33 25 34 24
35 26 34 26 34 25 35 25
36 25 35 26 34 25 35 24
36 24 36 25 35 25 35 24
37 23 36 24 35 23 36 22
37 24 36 24 36 23 37 23
38 23 37 24 36 23 37 22
38 22 38 23 37 23 37 22
39 21 38 22 37 21 38 20
39 22 38 22 38 21 39 21
40 21 39 22 38 21 39 20
40 20 40 21 39 21 39 20
41 19 40 20 39 19 40 18
41 20 40 20 40 19 41 19
30 32 31 31 32 32 31 33
26 26 29 29 28 30 25 27
25 26 26 26 26 27 25 27
25 11 26 12 25 13 24 12
24 11 25 11 25 12 24 12
25 10 26 11 25 12 24 11
26 10 26 11 25 11 25 10
38 29 34 33 31 30 35 26
22 34 19 31 20 30 23 33
22 33 23 33 23 34 22 34
20 33 21 32 22 33 21 34
24 33 23 34 22 33 23 32
24 32 24 33 23 33 23 32
25 23 25 26 24 26 24 23
26 23 25 23 25 22 26 22
25 24 24 23 25 22 26 23
27 24 26 23 27 22 28 23
26 24 26 23 27 23 27 24
28 35 26 35 26 34 28 34
32 25 35 28 34 29 31 26
31 25 31 24 32 24 32 25
32 26 31 25 32 24 33 25
24 27 20 23 21 22 25 26
23 26 24 26 24 27 23 27
25 28 24 28 24 27 25 27
26 29 25 30 24 29 25 28
26 28 26 29 25 29 25 28
13 12 15 14 14 15 12 13
12 11 13 11 13 12 12 12
13 10 14 11 13 12 12 11
14 10 14 11 13 11 13 10
17 33 17 35 16 35 16 33
16 34 15 33 16 32 17 33
28 25 26 27 25 26 27 24
27 25 27 24 28 24 28 25
34 31 34 33 31 33 31 31
19 34 19 32 21 32 21 34
18 33 19 32 20 33 19 34
17 32 18 32 18 33 17 33
16 31 17 31 17 32 16 32
15 30 16 30 16 31 15 31
14 29 15 29 15 30 14 30
13 28 14 28 14 29 13 29
17 34 16 33 17 32 18 33
12 27 13 26 14 27 13 28
12 28 12 27 13 27 13 28
11 27 12 26 13 27 12 28
11 26 12 26 12 27 11 27
10 25 11 24 12 25 11 26
10 26 10 25 11 25 11 26
9 25 10 24 11 25 10 26
9 24 10 24 10 25 9 25
8 23 9 22 10 23 9 24
8 24 8 23 9 23 9 24
7 23 8 22 9 23 8 24
7 22 8 22 8 23 7 23
17 13 16 14 13 11 14 10
16 13 17 13 17 14 16 14
18 12 19 13 18 14 17 13
17 12 18 12 18 13 17 13
18 11 19 12 18 13 17 12
19 11 19 12 18 12 18 11
20 10 21 11 20 12 19 11
19 10 20 10 20 11 19 11
18 10 19 11 18 12 17 11
17 10 18 10 18 11 17 11
18 9 19 10 18 11 17 10
19 9 19 10 18 10 18 9
38 31 34 31 34 29 38 29
14 12 14 11 17 11 17 12
13 15 13 12 14 12 14 15
14 14 15 15 14 16 13 15
15 10 17 12 16 13 14 11
31 27 30 28 27 25 28 24
32 28 31 27 32 26 33 27
36 32 35 33 31 29 32 28
29 34 28 35 24 31 25 30
30 35 29 34 33 30 34 31
32 35 30 35 30 32 32 32
29 32 29 30 30 30 30 32
29 38 26 35 29 32 32 35
28 32 29 32 29 34 28 34
28 31 28 32 24 32 24 31
30 31 29 32 28 31 29 30
25 35 23 33 24 32 26 34
26 32 28 30 30 32 28 34
30 27 28 25 29 24 31 26
29 27 29 28 26 28 26 27
28 26 28 25 31 25 31 26
