107
17 20 18 19 20 21 19 22
16 20 17 20 17 24 16 24
16 19 17 20 13 24 12 23
16 18 16 19 15 19 15 18
17 19 16 20 15 19 16 18
17 18 18 18 18 19 17 19
16 17 17 18 16 19 15 18
17 17 17 18 16 18 16 17
16 16 17 17 16 18 15 17
17 16 18 16 18 17 17 17
16 15 17 16 16 17 15 16
17 15 17 16 16 16 16 15
16 14 17 15 16 16 15 15
17 14 18 14 18 15 17 15
16 13 17 14 16 15 15 14
17 13 17 14 16 14 16 13
16 12 17 13 16 14 15 13
17 12 18 12 18 13 17 13
16 11 17 12 16 13 15 12
17 11 17 12 16 12 16 11
16 10 17 11 16 12 15 11
14 19 15 19 15 24 14 24
13 18 10 21 9 20 12 17
14 17 15 18 14 19 13 18
14 18 14 17 15 17 15 18
13 17 13 18 12 18 12 17
14 16 15 17 14 18 13 17
13 16 14 16 14 17 13 17
14 15 15 16 14 17 13 16
13 15 13 16 12 16 12 15
14 14 15 15 14 16 13 15
13 14 14 14 14 15 13 15
14 13 15 14 14 15 13 14
13 13 13 14 12 14 12 13
14 12 15 13 14 14 13 13
13 12 14 12 14 13 13 13
14 11 15 12 14 13 13 12
13 11 13 12 12 12 12 11
14 10 15 11 14 12 13 11
13 10 14 10 14 11 13 11
15 10 16 10 16 11 15 11
14 9 15 10 14 11 13 10
15 9 15 10 14 10 14 9
19 13 18 14 17 13 18 12
19 14 18 15 17 14 18 13
19 15 18 16 17 15 18 14
19 16 18 17 17 16 18 15
19 17 18 18 17 17 18 16
19 18 18 19 17 18 18 17
20 14 19 14 19 13 20 13
20 15 19 14 20 13 21 14
21 15 20 15 20 14 21 14
20 16 19 15 20 14 21 15
21 16 21 15 22 15 22 16
20 17 19 16 20 15 21 16
21 17 20 17 20 16 21 16
20 18 19 18 19 17 20 17
21 18 21 17 22 17 22 18
20 19 19 18 20 17 21 18
21 19 20 19 20 18 21 18
22 20 21 20 21 19 22 19
23 14 22 15 21 14 22 13
23 16 22 17 21 16 22 15
23 18 22 19 21 18 22 17
23 17 22 18 21 17 22 16
23 19 22 20 21 19 22 18
19 11 19 12 18 12 18 11
18 10 19 11 18 12 17 11
17 10 18 10 18 11 17 11
16 9 17 10 16 11 15 10
17 9 17 10 16 10 16 9
11 13 12 12 13 13 12 14
11 15 12 14 13 15 12 16
11 17 12 16 13 17 12 18
11 14 12 14 12 15 11 15
11 16 12 15 13 16 12 17
10 14 10 13 11 13 11 14
10 15 9 14 10 13 11 14
9 15 9 14 10 14 10 15
10 16 9 15 10 14 11 15
9 16 8 16 8 15 9 15
10 17 9 16 10 15 11 16
9 17 9 16 10 16 10 17
10 18 9 17 10 16 11 17
9 18 8 18 8 17 9 17
16 8 17 9 16 10 15 9
15 8 16 8 16 9 15 9
13 19 13 18 14 18 14 19
14 20 13 19 14 18 15 19
11 18 10 18 10 17 11 17
21 12 23 12 23 14 21 14
20 11 21 12 20 13 19 12
22 11 23 12 22 13 21 12
10 20 9 20 9 18 10 18
13 20 14 19 18 23 17 24
13 21 10 21 10 20 13 20
12 22 11 22 11 18 12 18
11 19 13 21 12 22 10 20
17 23 16 24 13 21 14 20
18 21 18 19 20 19 20 21
24 13 22 13 22 11 24 11
25 12 24 13 23 12 24 11
7 17 8 16 9 17 8 18
7 16 8 15 9 16 8 17
7 18 8 17 9 18 8 19
7 19 7 18 8 18 8 19
9 21 7 19 8 18 10 20
